304.000000 670.999680 342.000640 670.999680 342.000640 690.999840 304.000000 690.999840 R0402 0
161.999360 646.999920 180.999680 651.000240 173.999360 682.999920 155.000320 679.000320 R0402 0
191.000320 104.999760 207.000320 119.000160 180.999680 150.999840 164.999680 137.000160 R0402 0
411.000320 56.000160 436.999680 42.999840 463.000320 92.000160 437.999360 105.999840 LED0603 0
173.999360 16.999920 203.000320 19.000080 200.000000 73.000080 169.999360 70.999920 LED0603 0
167.000320 150.999840 196.999680 153.000000 193.999360 204.999840 164.000000 202.999680 LED0603 0
160.999680 544.999680 190.000640 543.000240 192.999680 594.000000 164.999680 596.000160 LED0603 0
152.000000 589.999680 184.000000 586.000080 190.000640 635.999760 158.000640 640.000080 LED0603 0
181.999360 600.999840 223.000320 588.000240 244.999680 653.999760 204.000000 667.000080 R0804 0
200.999680 423.000000 247.000320 426.000240 243.000320 495.000000 196.999680 492.999840 R0804 0
191.000320 342.000000 233.999360 342.000000 233.999360 410.999760 191.000320 410.999760 R0804 0
240.999680 148.999680 457.999360 99.000000 482.000640 205.999920 266.000640 256.000320 R2512 0
797.999360 181.000080 911.000320 184.999680 903.000320 409.999680 790.000640 406.000080 R2512 0
367.000320 220.000320 576.000000 280.000080 527.000320 453.000240 318.000640 392.999760 SOIC-8 0
306.000640 531.000000 348.999680 544.999680 327.000320 613.000080 284.000000 598.000320 R0804 0
504.999680 38.000160 728.000000 15.999840 752.999680 247.000320 528.999680 270.000000 TSSOP-20 0
193.999360 106.999920 212.999680 88.999920 248.000000 128.000160 230.000640 145.000080 LED0603 0
306.000640 531.000000 350.000640 544.999680 327.000320 613.000080 284.000000 598.000320 R0804 0
196.000000 42.999840 221.999360 30.000240 246.000640 77.999760 220.000000 91.000080 LED0603 0
195.000320 104.999760 216.000000 86.999760 248.999680 127.000080 228.999680 145.000080 LED0603 0
502.000640 41.999760 722.000640 13.999680 751.000320 245.000160 532.000000 273.000240 TSSOP-20 0
