240.000000 216.000000 278.000640 218.000160 276.999680 238.999680 239.000320 237.000240 R0402 0
406.000640 381.000240 442.000640 369.000000 448.000000 388.000080 412.000000 399.000240 R0402 0
412.999680 558.000000 432.999680 561.000240 428.999680 597.000240 408.999680 595.000080 R0402 0
159.000320 505.000080 187.000320 506.000160 184.999680 561.000240 156.999680 560.000160 LED0603 0
556.999680 568.000080 584.000000 558.000000 604.999680 612.000000 577.999360 623.000160 LED0603 0
409.999360 60.999840 437.999360 49.000320 460.000000 100.000080 432.999680 112.000320 LED0603 0
286.000640 146.000160 340.999680 160.999920 332.999680 189.000000 278.000640 173.000160 LED0603 0
213.999360 121.999680 267.000320 139.000320 258.000640 166.000320 204.999680 148.000320 LED0603Flip 0
253.999360 508.000320 308.000000 528.999840 298.000640 554.999760 244.000000 534.000240 LED0603Flip 0
192.000000 347.999760 235.000320 347.999760 235.000320 417.000240 192.000000 417.000240 R0804 0
206.000640 418.999680 249.999360 420.999840 247.000320 490.000320 203.000320 489.000240 R0804 0
324.000000 527.999760 368.000000 523.000080 376.999680 595.000080 332.999680 600.999840 R0804 0
296.999680 553.999680 332.000000 581.999760 288.999680 636.999840 253.999360 608.999760 R0804 0
535.000320 195.999840 647.000320 194.999760 648.999680 420.999840 537.999360 421.999920 R2512 0
752.000000 554.999760 922.000640 420.999840 1031.000320 561.000240 860.999680 695.000160 SOIC-8 0
636.999680 229.000320 824.999680 103.999680 952.999680 301.000320 764.999680 426.000240 TSSOP-20 0
1124.999680 211.000320 1212.000000 281.000160 1072.999680 453.000240 987.000320 383.999760 R2512 0
172.999680 51.999840 200.999680 54.000000 198.000640 108.000000 169.999360 105.999840 LED0603 0
