720.999680 558.000000 748.999680 563.999760 736.000000 621.000000 708.000000 614.000160 LED0603Flip 0
892.999680 479.000160 936.999680 517.999680 917.999360 540.000000 874.000640 500.999760 LED0603Flip 0
844.999680 436.000320 904.999680 447.999840 899.000320 477.000000 839.000320 464.999760 LED0603Flip 0
1077.999360 390.000240 1107.000320 381.000240 1124.000000 437.999760 1096.000000 446.999760 LED0603Flip 0
1067.000320 351.000000 1096.000000 363.000240 1074.000640 415.000080 1044.999680 402.999840 LED0603Flip 0
1024.000000 270.000000 1077.999360 258.999840 1084.999680 288.000000 1030.000640 299.000160 LED0603Flip 0
892.000000 193.000320 950.000640 210.000240 940.999680 238.999680 884.000000 221.999760 LED0603Flip 0
790.000640 603.000000 814.000640 614.000160 792.000000 664.999920 767.000320 652.999680 LED0603 0
768.999680 579.000240 820.999680 558.000000 832.999680 586.000080 780.000000 607.999680 LED0603 0
840.000000 480.000240 865.999360 493.999920 840.000000 543.000240 814.000640 529.999920 LED0603 0
939.000320 417.000240 990.000640 443.000160 976.000000 469.000080 924.999680 443.000160 LED0603 0
768.999680 363.000240 796.000000 372.000240 777.999360 425.000160 750.000640 416.000160 LED0603 0
825.999360 319.999680 880.999680 337.999680 872.000000 366.999840 816.000000 348.999840 LED0603 0
