815.000320 455.999760 864.999680 482.999760 851.000320 508.999680 800.999680 481.999680 LED0603 0
1047.000320 399.000240 1096.999680 423.000000 1084.999680 448.999920 1034.000640 426.000240 LED0603 0
1024.999680 444.000240 1052.000000 457.999920 1025.999360 508.000320 1000.000000 495.000000 LED0603 0
991.000320 289.000080 1042.000640 312.999840 1028.999680 339.999840 977.999360 316.000080 LED0603 0
965.999360 535.999680 995.000320 544.000320 980.000000 598.000320 951.000320 589.999680 LED0603 0
912.999680 596.000160 932.999680 577.000080 971.000320 618.999840 950.000640 637.999920 LED0603Flip 0
945.999360 657.000000 1003.000320 657.000000 1003.000320 688.000320 945.999360 688.000320 LED0603 0
1102.000640 621.000000 1129.999360 614.000160 1142.000640 670.000320 1115.000320 677.000160 LED0603Flip 0
1120.999680 552.000240 1168.999680 522.000000 1184.999680 549.000000 1136.999680 578.000160 LED0603Flip 0
1127.000320 444.000240 1175.000320 415.000080 1191.000320 442.000080 1144.000000 471.000240 LED0603Flip 0
1150.000640 360.000000 1205.999360 364.999680 1203.000320 393.999840 1148.000000 390.000240 LED0603Flip 0
1088.999680 306.000000 1119.000320 312.999840 1104.999680 370.000080 1075.000320 363.000240 LED0603Flip 0
996.000000 547.999920 1024.999680 556.999920 1007.000320 610.999920 979.000320 601.999920 LED0603Flip 0
