1171.000320 445.000320 1200.000000 452.000160 1185.999360 508.000320 1156.999680 499.999680 LED0603Flip 0
951.000320 328.000320 979.000320 312.999840 1004.999680 362.000160 976.999680 376.999920 LED0603 0
1092.999680 364.000320 1148.999680 353.000160 1155.000320 385.999920 1099.000320 396.000000 LED0603 0
1147.000320 340.999920 1202.000640 336.000240 1204.999680 367.999920 1148.999680 373.000320 LED0603 0
1165.999360 229.999680 1197.999360 228.000240 1200.999680 283.999680 1169.999360 285.999840 LED0603 0
1157.999360 165.000240 1188.000000 157.000320 1203.000320 212.999760 1172.999680 220.999680 LED0603 0
639.000320 38.000160 695.000320 51.999840 688.000000 81.000000 632.000000 67.000320 LED0603 0
383.000320 556.999920 409.999360 545.999760 431.000320 598.000320 404.000000 608.999760 LED0603 0
931.000320 218.000160 984.000000 194.999760 996.000000 220.999680 943.000320 245.000160 LED0603 0
917.999360 492.999840 968.000000 519.999840 952.999680 546.999840 903.000320 520.999920 LED0603 0
836.000000 103.000320 907.000320 117.000000 899.000320 158.999760 828.000000 146.000160 R0804 0
985.999360 208.000080 1020.000000 175.000320 1074.000640 229.999680 1040.000000 263.000160 R0804 0
463.000320 370.000080 516.999680 418.000320 484.999680 454.000320 431.000320 406.000080 R0804 0
963.000320 439.999920 1008.000000 433.000080 1020.000000 502.999920 975.000320 510.999840 R0804 0
573.999360 469.000080 645.999360 475.999920 640.999680 519.999840 569.999360 513.000000 R0804 0
