356.999680 50.999760 395.000320 22.999680 437.999360 79.999920 399.000320 109.000080 R0804 0
166.000640 310.000320 236.999680 311.999760 236.000000 356.999760 164.999680 355.000320 R0804 0
834.000640 67.999680 892.999680 105.999840 868.999680 141.999840 809.999360 103.999680 R0804 0
680.000000 329.999760 720.000000 353.000160 684.999680 414.000000 644.999680 391.999680 R0804 0
199.000320 358.999920 260.999680 390.000240 241.999360 428.999760 180.000000 398.000160 R0804 0
948.000000 92.000160 994.000640 127.000080 976.000000 150.999840 929.999360 117.000000 LED0603 0
728.999680 200.000160 784.999680 184.999680 792.000000 214.999920 736.000000 229.000320 LED0603 0
875.000320 184.000320 900.999680 167.999760 929.999360 218.000160 904.000000 232.999920 LED0603 0
955.000320 259.999920 984.999680 262.000080 982.000640 318.000240 952.000000 317.000160 LED0603 0
1012.999680 261.000000 1068.999680 267.999840 1065.999360 297.000000 1009.999360 291.000240 LED0603 0
971.000320 324.000000 1024.000000 306.000000 1032.999680 335.000160 980.000000 352.000080 LED0603 0
1014.000640 367.999920 1036.999680 385.999920 1003.000320 430.999920 980.000000 412.999920 LED0603 0
948.000000 513.000000 969.999360 495.000000 1004.999680 537.999840 983.000320 555.999840 LED0603 0
433.999360 542.000160 462.000640 545.999760 455.000320 600.999840 426.000640 597.000240 LED0603 0
452.000000 24.999840 508.999680 27.000000 508.000000 52.999920 451.000320 50.999760 LED0603 0
