460.000000 86.999760 512.000000 112.999680 497.999360 139.000320 447.000320 113.999760 LED0603 0
447.000320 601.999920 472.999680 601.999920 472.999680 655.999920 447.000320 655.999920 LED0603 0
959.000320 580.000320 982.000640 560.000160 1019.000320 601.999920 996.999680 621.000000 LED0603 0
1023.000320 373.000320 1048.999680 384.999840 1024.999680 434.000160 999.000320 420.999840 LED0603 0
1009.999360 337.000320 1064.999680 349.999920 1057.999360 379.000080 1003.000320 365.999760 LED0603 0
984.999680 283.999680 1012.999680 285.999840 1008.999680 340.999920 980.999680 338.999760 LED0603 0
1034.000640 266.999760 1083.000320 294.999840 1068.000000 321.999840 1019.000320 293.999760 LED0603 0
928.000000 187.999920 972.999680 225.000000 954.000640 247.000320 908.999680 211.000320 LED0603 0
936.000000 147.000240 960.000000 129.000240 995.000320 175.000320 972.000000 193.000320 LED0603 0
748.000000 239.999760 796.000000 277.999920 776.000000 302.999760 728.999680 265.000320 LED0603 0
777.999360 205.999920 832.000000 247.999680 804.999680 283.000320 751.000320 240.999840 R0804 0
176.000000 468.000000 219.000320 471.000240 212.999680 540.000000 169.999360 536.999760 R0804 0
180.000000 389.000160 224.000000 382.000320 233.999360 453.000240 190.000640 459.000000 R0804 0
188.000000 560.000160 232.999680 567.000000 221.999360 637.999920 176.999680 631.000080 R0804 0
692.000000 517.000320 737.999360 527.999760 720.999680 597.000240 676.000000 585.000000 R0804 0
