508.000000 270.000000 548.000000 247.999680 582.000640 312.999840 542.000640 335.000160 R0804 0
924.999680 545.999760 968.999680 562.000320 945.999360 627.999840 902.000640 613.000080 R0804 0
820.000000 661.000320 864.999680 642.000240 896.000000 711.000000 851.000320 731.000160 R0804 0
606.000640 508.999680 654.000640 505.000080 660.999680 577.000080 612.999680 580.999680 R0804 0
1031.000320 144.000000 1092.000000 175.000320 1072.000000 212.999760 1011.000320 181.000080 R0804 0
751.000320 353.000160 779.000320 342.000000 803.000320 399.000240 775.000320 410.999760 LED0603 0
796.999680 435.000240 823.000320 421.999920 849.999360 474.999840 824.000000 489.000240 LED0603 0
1129.999360 333.000000 1159.000320 321.999840 1177.999360 374.999760 1150.000640 384.999840 LED0603 0
1139.000320 289.000080 1192.000000 301.999680 1184.000000 330.999840 1131.000320 318.000240 LED0603 0
1136.999680 259.999920 1192.000000 267.999840 1188.000000 299.000160 1132.999680 291.000240 LED0603 0
1150.000640 214.999920 1192.999680 241.999920 1176.999680 265.999680 1134.000640 239.999760 LED0603 0
1152.999680 157.999680 1180.999680 163.000080 1171.000320 216.000000 1143.000320 210.000240 LED0603 0
1124.999680 184.999680 1151.000320 194.999760 1132.000000 245.000160 1105.999360 235.000080 LED0603 0
1095.000320 175.999680 1124.999680 185.999760 1107.000320 238.000320 1077.999360 228.000240 LED0603 0
992.999680 129.000240 1022.000640 133.999920 1012.000000 189.000000 983.000320 184.000320 LED0603 0
