231.000320 478.000080 301.999360 461.000160 312.999680 508.000320 243.000320 525.000240 R0804 0
168.000000 574.999920 240.000000 567.000000 246.000640 614.000160 173.999360 622.000080 R0804 0
840.999680 577.000080 880.000000 607.999680 836.000000 662.999760 796.999680 632.000160 R0804 0
326.000640 221.999760 368.999680 213.999840 383.000320 283.000320 339.000320 291.000240 R0804 0
864.999680 110.000160 928.000000 136.000080 911.000320 176.999760 848.000000 151.999920 R0804 0
839.000320 94.000320 868.000000 106.999920 844.000000 157.999680 815.000320 145.000080 LED0603 0
1040.000000 135.000000 1071.000320 137.000160 1065.999360 191.000160 1036.000000 187.999920 LED0603 0
1011.000320 158.999760 1040.000000 167.999760 1024.000000 220.999680 995.000320 212.999760 LED0603 0
947.000320 155.000160 977.999360 148.000320 991.000320 204.999840 960.000000 211.999680 LED0603 0
1091.000320 207.000000 1142.000640 220.999680 1135.000320 249.999840 1083.000320 236.000160 LED0603 0
1017.999360 238.999680 1076.000000 259.999920 1064.999680 288.000000 1007.000320 266.999760 LED0603 0
1008.000000 263.000160 1067.000320 283.999680 1056.999680 313.999920 997.999360 292.000320 LED0603 0
760.000000 374.999760 788.000000 364.999680 808.000000 419.999760 779.000320 429.999840 LED0603 0
804.000000 451.000080 828.000000 435.000240 860.000000 482.999760 836.000000 499.000320 LED0603 0
1117.999360 337.999680 1148.000000 331.999920 1159.000320 387.000000 1128.999680 392.999760 LED0603 0
