568.000000 240.999840 604.999680 240.999840 604.999680 262.000080 568.000000 262.000080 R0402 0
436.000000 244.000080 470.000640 225.000000 480.000000 243.000000 446.000640 261.000000 R0402 0
756.000000 370.000080 774.000640 379.000080 757.999360 411.999840 740.000000 402.999840 R0402 0
925.999360 268.999920 956.000000 277.999920 939.000320 330.999840 910.000640 321.999840 LED0603 0
799.000320 239.999760 822.000640 220.999680 859.000320 265.999680 836.999680 283.999680 LED0603 0
707.000320 83.000160 759.000320 103.999680 748.999680 130.000320 696.999680 109.000080 LED0603 0
691.000320 47.000160 745.999360 59.999760 740.000000 87.999840 684.000000 76.000320 LED0603 0
592.999680 133.999920 651.000320 138.000240 648.999680 166.999680 591.000320 163.000080 LED0603 0
392.999680 131.999760 448.000000 120.000240 453.999360 148.000320 397.999360 159.999840 LED0603 0
468.999680 88.999920 524.999680 85.999680 527.000320 112.999680 470.000640 115.999920 LED0603 0
386.000640 67.000320 432.000000 32.999760 448.999680 56.000160 403.000320 90.000000 LED0603 0
451.000320 331.999920 499.000320 363.000240 483.000320 389.000160 435.000320 357.999840 LED0603 0
500.000000 397.000080 556.000000 384.999840 563.000320 412.999920 507.000320 426.000240 LED0603 0
448.000000 41.999760 520.000000 31.999680 526.000640 75.000240 455.000320 85.000320 R0804 0
178.000640 163.000080 223.000320 165.000240 220.999680 235.000080 176.000000 232.999920 R0804 0
172.999680 318.000240 243.000320 326.000160 236.999680 373.000320 168.000000 364.999680 R0804 0
171.000320 438.999840 239.000320 424.000080 248.000000 466.999920 179.000320 481.000320 R0804 0
168.999680 544.999680 239.000320 544.999680 239.000320 590.999760 168.999680 590.999760 R0804 0
307.000320 582.999840 408.999680 589.000320 403.000320 672.999840 300.999680 667.000080 SOT-23 0
587.000320 443.000160 768.000000 455.999760 752.999680 671.999760 572.000000 659.000160 SOIC-8 0
835.000320 336.000240 907.000320 294.999840 959.000320 388.000080 888.000000 427.999680 SOT-23 0
