447.000320 219.000240 477.999360 202.999680 488.000000 221.999760 457.999360 238.000320 R0402 0
760.999680 337.000320 777.999360 349.999920 755.000320 380.000160 739.000320 366.999840 R0402 0
652.999680 186.999840 671.000320 195.999840 652.999680 230.999760 636.000000 222.999840 R0402 0
391.000320 25.999920 436.999680 3.000240 449.999360 30.000240 404.000000 52.999920 LED0603 0
419.000320 69.999840 462.000640 33.999840 480.000000 56.000160 436.999680 92.000160 LED0603 0
592.000000 70.999920 651.000320 77.999760 648.000000 108.000000 588.000000 101.000160 LED0603 0
752.000000 31.999680 808.000000 39.000240 804.000000 68.999760 748.000000 61.999920 LED0603 0
756.000000 67.000320 805.999360 79.999920 797.999360 108.000000 748.000000 94.999680 LED0603 0
756.000000 67.000320 805.999360 79.999920 797.999360 108.000000 748.000000 94.999680 LED0603 0
844.000000 76.999680 892.000000 105.999840 876.999680 131.999760 828.000000 103.000320 LED0603 0
1005.999360 229.000320 1059.000320 211.999680 1067.000320 238.999680 1015.000320 256.000320 LED0603 0
817.999360 203.999760 860.000000 241.999920 840.000000 265.000320 797.999360 226.000080 LED0603 0
677.999360 50.999760 744.000000 38.000160 752.000000 78.999840 685.999360 93.000240 R0804 0
337.999360 138.000240 382.000640 130.999680 392.000000 199.000080 348.999680 205.999920 R0804 0
291.000320 372.000240 360.999680 382.000320 353.999360 426.000240 284.999680 417.000240 R0804 0
670.000640 457.999920 740.000000 474.999840 728.999680 523.000080 659.000320 505.000080 R0804 0
566.000640 320.999760 612.000000 330.999840 596.999680 401.999760 551.000320 391.999680 R0804 0
563.000320 270.000000 612.999680 292.999680 600.999680 320.999760 551.000320 297.000000 LED0603 0
604.999680 371.000160 662.000640 376.999920 659.000320 405.000000 602.000640 400.000320 LED0603 0
1084.999680 361.000080 1165.999360 349.999920 1180.000000 453.000240 1099.000320 463.999680 SOT-23 0
928.000000 635.999760 1003.000320 604.000080 1042.000640 699.999840 967.000320 731.000160 SOT-23 0
1014.000640 460.000080 1188.999680 459.000000 1191.000320 667.000080 1015.000320 669.000240 SOIC-8 0
