448.000000 225.000000 479.000320 204.999840 492.999680 225.000000 462.000640 246.000240 R0402 0
616.999680 245.000160 635.000320 245.000160 635.000320 281.000160 616.999680 281.000160 R0402 0
616.999680 245.000160 635.000320 245.000160 635.000320 281.000160 616.999680 281.000160 R0402 0
729.999360 389.000160 748.999680 400.000320 731.000320 432.000000 712.000000 420.999840 R0402 0
1008.000000 221.999760 1062.000640 211.999680 1067.000320 240.999840 1012.999680 250.999920 LED0603 0
790.000640 246.000240 816.999680 227.000160 849.999360 274.999680 824.000000 292.999680 LED0603 0
780.999680 210.000240 835.000320 195.999840 843.000320 225.000000 788.000000 238.999680 LED0603 0
708.999680 201.000240 760.000000 178.999920 772.000000 205.999920 720.000000 228.000240 LED0603 0
692.999680 139.000320 748.999680 132.999840 752.000000 162.000000 696.000000 167.999760 LED0603 0
592.000000 93.000240 637.999360 129.000240 619.000320 153.000000 572.999680 118.000080 LED0603 0
540.999680 336.000240 568.000000 319.000320 597.999360 364.000320 571.000320 382.000320 LED0603 0
597.999360 418.000320 654.000640 436.000320 644.999680 463.999680 588.999680 445.999680 LED0603 0
399.000320 121.999680 446.000640 87.999840 464.000000 112.999680 417.999360 147.000240 LED0603 0
388.000000 63.000000 436.999680 33.999840 452.000000 59.999760 402.000640 88.999920 LED0603 0
592.999680 661.999680 665.999360 661.999680 665.999360 709.999920 592.999680 709.999920 R0804 0
416.000000 628.999920 462.000640 630.000000 460.000000 703.000080 413.999360 702.000000 R0804 0
626.000640 185.999760 692.000000 208.000080 676.999680 252.000000 611.000320 229.000320 R0804 0
311.000320 249.999840 353.999360 259.999920 339.000320 329.999760 295.000320 319.999680 R0804 0
169.999360 618.999840 216.000000 618.999840 216.000000 689.999760 169.999360 689.999760 R0804 0
1048.999680 418.999680 1124.999680 390.000240 1163.000320 490.000320 1087.000320 517.999680 SOT-23 0
904.999680 627.999840 980.999680 600.999840 1014.000640 697.999680 937.999360 724.999680 SOT-23 0
991.000320 501.999840 1164.999680 502.999920 1163.000320 715.999680 988.999680 714.000240 SOIC-8 0
