402.000640 76.999680 397.999360 48.000240 456.000000 39.000240 460.999680 67.999680 LED0603 0
406.000640 121.999680 448.999680 85.999680 468.999680 110.000160 424.999680 146.000160 LED0603 0
573.999360 94.999680 624.999680 124.999920 609.999360 150.999840 559.000320 121.000320 LED0603 0
697.999360 138.000240 754.000640 132.999840 756.999680 162.000000 700.999680 166.999680 LED0603 0
712.999680 195.999840 767.000320 175.000320 776.999680 203.999760 724.000000 223.999920 LED0603 0
780.000000 212.999760 831.000320 190.000080 843.000320 217.000080 792.000000 239.999760 LED0603 0
804.000000 243.000000 828.000000 228.000240 857.999360 276.999840 832.999680 291.000240 LED0603 0
804.000000 243.000000 828.000000 228.000240 857.999360 276.999840 832.999680 291.000240 LED0603 0
1015.000320 218.000160 1068.999680 214.999920 1071.000320 243.000000 1016.999680 247.000320 LED0603 0
602.000640 411.999840 656.000000 428.999760 647.000320 457.999920 592.999680 441.000000 LED0603 0
546.000640 336.000240 569.999360 319.000320 604.000000 369.000000 580.000000 384.999840 LED0603 0
272.999680 248.999760 316.000000 256.000320 307.000320 326.000160 263.000320 319.000320 R0804 0
152.000000 600.999840 195.000320 606.000240 188.999680 675.000000 144.999680 670.000320 R0804 0
408.999680 617.999760 453.999360 617.999760 453.999360 689.999760 408.999680 689.999760 R0804 0
513.999360 637.999920 587.000320 648.000000 580.000000 696.000240 507.000320 686.000160 R0804 0
620.000000 193.999680 685.999360 217.000080 671.000320 259.999920 604.000000 237.000240 R0804 0
735.000320 390.000240 754.000640 397.000080 743.000320 432.000000 723.000320 425.000160 R0402 0
452.999680 220.999680 484.000000 202.999680 493.999360 220.000320 464.000000 238.000320 R0402 0
1009.999360 389.000160 1089.999360 366.999840 1116.000000 469.000080 1036.000000 490.999680 SOT-23 0
843.000320 606.000240 923.000320 580.000320 956.000000 678.000240 875.000320 704.000160 SOT-23 0
948.000000 487.000080 1124.000000 482.999760 1128.999680 688.000320 952.999680 691.999920 SOIC-8 0
612.999680 243.000000 635.000320 246.000240 628.999680 283.999680 607.000320 281.000160 R0402 0
