211.000320 454.000320 255.000320 460.000080 246.000640 528.999840 201.999360 523.000080 R0804 0
372.999680 141.999840 413.999360 158.999760 387.000320 223.999920 346.000640 208.000080 R0804 0
386.000640 563.999760 432.000000 553.000320 448.999680 624.000240 404.000000 634.999680 R0804 0
1054.000640 10.000080 1102.000640 10.000080 1102.000640 76.999680 1054.000640 76.999680 R0804 0
712.000000 214.999920 728.999680 227.000160 705.999360 255.000240 691.000320 243.000000 R0402 0
468.999680 228.000240 500.000000 205.999920 512.999680 223.999920 482.000640 247.000320 R0402 0
752.999680 401.999760 771.000320 402.999840 769.999360 433.000080 752.000000 432.000000 R0402 0
596.000000 97.999920 651.000320 126.000000 636.000000 155.000160 580.999680 126.000000 LED0603 0
532.000000 42.999840 553.999360 64.000080 513.999360 105.999840 492.000000 85.000320 LED0603 0
431.000320 51.999840 488.999680 43.999920 493.999360 76.000320 435.000320 84.000240 LED0603 0
654.000640 229.000320 700.999680 248.999760 688.999680 276.999840 642.000640 256.999680 LED0603 0
731.000320 355.000320 760.999680 363.000240 745.999360 417.000240 716.999680 409.000320 LED0603 0
1144.999680 10.000080 1200.000000 12.000240 1199.000320 40.000320 1144.000000 39.000240 LED0603 0
1145.999360 82.000080 1200.999680 84.000240 1199.000320 112.000320 1144.000000 111.000240 LED0603 0
1099.000320 132.999840 1168.999680 101.000160 1212.999680 194.999760 1142.000640 228.000240 SOT-23 0
1015.000320 266.999760 1083.000320 315.000000 1023.000320 400.000320 955.000320 352.000080 SOT-23 0
1039.000320 329.999760 1216.000000 331.999920 1212.999680 544.999680 1036.999680 543.000240 SOIC-8 0
744.000000 140.999760 802.000640 139.000320 802.000640 167.999760 744.000000 169.999920 LED0603 0
744.000000 140.999760 802.000640 139.000320 802.000640 167.999760 744.000000 169.999920 LED0603 0
782.000640 171.000000 837.999360 166.000320 840.999680 193.000320 784.999680 198.000000 LED0603 0
712.000000 168.999840 777.999360 173.000160 775.000320 217.000080 708.999680 212.999760 R0804 0
