171.000320 430.999920 191.000320 432.000000 188.000000 466.999920 168.000000 465.999840 R0402 0
231.000320 618.999840 248.000000 606.000240 272.000000 637.999920 255.000320 651.000240 R0402 0
310.000640 696.000240 344.999680 689.999760 348.000000 707.999760 312.999680 714.000240 R0402 0
408.999680 93.000240 468.000000 84.000240 472.999680 114.999840 413.999360 123.999840 LED0603 0
1076.000000 68.999760 1129.999360 64.000080 1132.999680 93.000240 1077.999360 97.999920 LED0603 0
192.000000 293.999760 223.000320 293.999760 223.000320 349.999920 192.000000 349.999920 LED0603 0
230.000640 396.000000 260.000000 398.000160 256.999680 451.000080 227.000320 448.999920 LED0603 0
264.999680 437.999760 310.000640 456.999840 298.000640 483.999840 252.999680 464.999760 LED0603 0
280.999680 479.000160 304.000000 491.999760 280.000000 534.000240 258.000640 520.999920 LED0603 0
312.999680 517.999680 368.000000 508.000320 373.999360 537.999840 318.000640 547.999920 LED0603 0
318.000640 549.000000 372.999680 540.000000 376.999680 564.999840 322.000640 573.999840 LED0603 0
388.000000 545.999760 443.000320 535.999680 447.000320 564.999840 392.999680 573.999840 LED0603 0
411.000320 607.000320 432.999680 624.000240 400.999680 666.000000 379.000320 650.000160 LED0603 0
201.999360 519.999840 247.000320 524.000160 240.999680 595.000080 195.000320 589.999680 R0804 0
264.000000 536.999760 308.000000 536.999760 308.000000 606.000240 264.000000 606.000240 R0804 0
307.000320 608.999760 342.000640 580.000320 388.000000 635.999760 352.999680 664.999920 R0804 0
201.999360 349.999920 270.000640 352.000080 268.999680 397.000080 200.999680 396.000000 R0804 0
200.000000 589.999680 278.000640 657.000000 226.000640 718.999920 148.000000 652.999680 SOT-23 0
411.000320 578.000160 484.000000 567.000000 499.000320 670.000320 426.000640 680.999760 SOT-23 0
452.000000 482.999760 628.999680 442.000080 676.999680 652.999680 500.999680 694.000080 SOIC-8 0
219.000320 443.000160 280.000000 479.000160 256.000000 519.999840 196.000000 483.999840 R0804 0
