308.999680 650.000160 342.000640 655.999920 340.000000 672.999840 307.000320 667.000080 R0402 0
444.999680 186.999840 459.000320 193.000320 444.000000 226.000080 430.000640 220.000320 R0402 0
164.999680 421.999920 184.000000 416.000160 193.999360 450.000000 175.000320 455.999760 R0402 0
396.999680 328.999680 436.999680 290.000160 457.999360 310.999680 417.999360 349.999920 LED0603 0
369.999360 311.999760 399.000320 311.999760 399.000320 366.999840 369.999360 366.999840 LED0603 0
492.000000 387.000000 516.999680 401.999760 489.999360 448.999920 464.000000 434.000160 LED0603 0
459.000320 509.999760 484.999680 518.999760 464.999680 571.000320 440.000000 561.000240 LED0603 0
464.999680 196.999920 492.000000 207.000000 472.999680 259.999920 444.999680 249.999840 LED0603 0
512.000000 41.999760 559.000320 15.999840 572.000000 39.000240 524.999680 65.000160 LED0603 0
459.000320 16.999920 510.000640 16.999920 510.000640 42.999840 459.000320 42.999840 LED0603 0
453.999360 70.999920 488.000000 96.999840 444.999680 153.000000 411.000320 127.000080 R0804 0
486.000640 36.000000 540.000000 82.000080 511.000320 114.999840 456.999680 69.999840 R0804 0
379.000320 60.999840 428.000000 13.000320 456.999680 42.999840 408.000000 91.000080 R0804 0
1080.999680 31.000320 1134.000640 34.999920 1132.000000 63.000000 1079.000320 59.999760 LED0603 0
416.999680 409.000320 472.000000 411.999840 470.000640 439.999920 415.000320 436.999680 LED0603Flip 0
296.999680 604.000080 332.999680 574.999920 376.999680 631.000080 340.999680 660.000240 R0804 0
372.999680 369.000000 416.999680 369.000000 416.999680 434.000160 372.999680 434.000160 R0804 0
228.000000 174.000240 256.000000 174.000240 256.000000 229.000320 228.000000 229.000320 LED0603 0
745.999360 7.999920 820.999680 42.999840 776.999680 138.000240 702.000640 103.999680 SOT-23 0
857.999360 24.999840 1036.000000 31.000320 1028.000000 247.000320 849.999360 241.999920 SOIC-8 0
408.000000 126.000000 480.000000 173.000160 422.000640 259.999920 350.000640 212.999760 SOT-23 0
