169.999360 415.000080 190.000640 408.000240 201.999360 439.999920 181.999360 446.999760 R0402 0
312.999680 641.000160 348.000000 643.999680 347.000320 664.999920 312.000000 662.999760 R0402 0
324.000000 248.999760 372.000000 217.000080 388.999680 241.999920 340.000000 274.000320 LED0603 0
404.000000 328.000320 426.000640 308.000160 464.999680 351.000000 442.000640 371.000160 LED0603 0
548.000000 360.000000 572.999680 375.999840 540.999680 423.000000 516.999680 407.000160 LED0603 0
648.000000 454.000320 676.999680 448.999920 685.999360 505.000080 656.000000 508.999680 LED0603 0
543.000320 576.000000 568.000000 588.000240 543.000320 640.000080 517.999360 627.999840 LED0603 0
948.999680 527.999760 1012.999680 520.999920 1016.999680 551.000160 952.999680 558.000000 LED0603 0
1154.000640 81.000000 1205.999360 81.000000 1205.999360 109.000080 1154.000640 109.000080 LED0603 0
703.000320 118.000080 750.000640 153.000000 732.999680 175.999680 685.999360 141.999840 LED0603 0
552.999680 55.000080 608.000000 31.999680 619.000320 58.999680 564.999680 82.000080 LED0603 0
583.000320 130.000320 619.000320 156.000240 577.999360 212.999760 542.000640 186.999840 R0804 0
623.000320 208.000080 695.000320 210.000240 692.999680 255.000240 620.999680 252.000000 R0804 0
1024.000000 423.000000 1088.000000 464.999760 1060.999680 504.000000 997.999360 462.000240 R0804 0
531.000320 515.000160 576.999680 499.999680 600.999680 570.000240 555.000320 585.000000 R0804 0
301.999360 597.000240 337.999360 567.000000 383.000320 622.000080 346.000640 652.000320 R0804 0
959.000320 276.999840 1024.000000 245.000160 1071.000320 337.999680 1007.000320 370.000080 SOT-23 0
999.000320 106.999920 1171.000320 72.000000 1212.999680 283.000320 1040.999680 317.000160 SOIC-8 0
671.000320 597.000240 728.000000 589.999680 732.000000 618.999840 674.000640 625.999680 LED0603Flip 0
874.000640 513.000000 956.999680 501.999840 968.999680 606.000240 887.000320 616.999680 SOT-23 0
