171.000320 412.999920 191.000320 407.000160 201.999360 441.000000 181.999360 447.999840 R0402 0
312.999680 642.000240 348.000000 643.999680 347.000320 664.999920 312.000000 662.999760 R0402 0
927.000320 551.000160 944.999680 538.999920 968.000000 571.999680 950.000640 583.999920 R0402 0
648.999680 453.000240 676.999680 448.999920 684.000000 505.000080 656.000000 508.000320 LED0603 0
542.000640 577.000080 567.000320 589.000320 543.000320 639.000000 517.999360 626.999760 LED0603 0
548.000000 360.000000 572.000000 375.999840 540.999680 423.000000 516.999680 407.000160 LED0603 0
404.000000 327.000240 426.000640 308.000160 464.000000 351.000000 442.000640 370.000080 LED0603 0
324.000000 248.999760 372.999680 217.000080 388.999680 241.999920 340.000000 274.000320 LED0603 0
553.999360 51.999840 608.000000 31.999680 619.000320 59.999760 564.999680 81.000000 LED0603 0
703.000320 118.000080 750.000640 151.999920 732.999680 175.999680 685.999360 140.999760 LED0603 0
1000.000000 468.000000 1042.000640 506.000160 1022.000640 528.999840 979.000320 491.999760 LED0603 0
623.000320 207.000000 694.000640 211.000320 692.000000 255.000240 620.999680 250.999920 R0804 0
582.000640 129.000240 619.000320 155.000160 577.999360 212.999760 540.999680 186.999840 R0804 0
531.000320 516.000240 575.000320 500.999760 599.000320 568.000080 555.000320 582.999840 R0804 0
1032.000000 466.999920 1094.000640 432.000000 1117.999360 473.999760 1056.000000 508.999680 R0804 0
303.000320 596.000160 337.999360 567.000000 383.000320 622.000080 348.000000 651.000240 R0804 0
1154.000640 81.000000 1205.999360 81.000000 1205.999360 108.000000 1154.000640 108.000000 LED0603 0
999.000320 106.999920 1168.999680 70.999920 1215.000320 280.000080 1044.999680 317.000160 SOIC-8 0
822.000640 238.999680 902.000640 241.999920 900.000000 347.999760 819.000320 346.000320 SOT-23 0
956.999680 279.000000 1027.000320 241.999920 1074.000640 336.000240 1004.999680 373.000320 SOT-23 0
670.000640 598.000320 728.000000 588.000240 732.999680 616.000320 675.000320 625.999680 LED0603Flip 0
