172.000000 425.000160 192.999680 418.000320 204.999680 454.999680 184.999680 462.000240 R0402 0
316.999680 658.000080 352.000000 658.000080 352.000000 679.000320 316.999680 679.000320 R0402 0
928.999680 568.000080 944.999680 553.000320 971.000320 581.999760 955.000320 597.000240 R0402 0
1145.999360 88.999920 1192.999680 88.999920 1192.999680 118.000080 1145.999360 118.000080 LED0603 0
704.000000 133.999920 752.000000 166.000320 736.000000 191.000160 688.000000 158.999760 LED0603 0
555.000320 64.000080 607.000320 42.999840 617.999360 68.999760 566.000640 90.000000 LED0603 0
326.000640 262.000080 375.000320 229.000320 392.000000 254.000160 343.000320 286.999920 LED0603 0
551.000320 375.999840 576.000000 391.999680 544.999680 439.999920 520.000000 423.000000 LED0603 0
402.000640 337.000320 427.000320 315.000000 467.000320 357.999840 443.000320 381.000240 LED0603 0
648.000000 470.000160 676.999680 463.999680 688.000000 519.999840 659.000320 525.000240 LED0603 0
543.000320 598.000320 568.999680 608.999760 544.999680 660.000240 520.000000 648.000000 LED0603 0
1002.000640 490.999680 1043.000320 527.999760 1023.000320 550.000080 982.000640 513.000000 LED0603 0
1032.000000 490.999680 1092.999680 454.000320 1117.999360 497.000160 1057.999360 533.000160 R0804 0
304.000000 604.000080 340.999680 572.999760 391.000320 632.000160 353.999360 662.999760 R0804 0
624.000000 225.000000 696.000000 227.000160 695.000320 272.000160 622.000640 268.999920 R0804 0
577.999360 151.999920 616.999680 174.000240 580.000000 239.999760 540.999680 218.000160 R0804 0
532.000000 541.000080 573.999360 523.000080 602.000640 589.000320 560.999680 607.000320 R0804 0
984.999680 122.999760 1151.000320 75.000240 1209.999360 280.000080 1044.000000 328.000320 SOIC-8 0
819.000320 265.999680 900.999680 264.000240 904.000000 369.000000 820.999680 371.000160 SOT-23 0
952.000000 293.999760 1019.000320 254.000160 1072.999680 344.000160 1005.999360 384.999840 SOT-23 0
676.000000 616.999680 734.000640 612.000000 736.000000 642.000240 677.999360 645.999840 LED0603Flip 0
