173.999360 435.000240 193.999360 427.999680 206.000640 462.000240 186.000640 469.000080 R0402 0
311.000320 662.999760 344.999680 662.999760 344.999680 680.999760 311.000320 680.999760 R0402 0
956.000000 568.000080 987.000320 594.000000 972.999680 610.999920 942.000640 585.000000 R0402 0
1012.999680 499.000320 1056.000000 535.999680 1036.000000 558.000000 994.000640 520.999920 LED0603 0
539.000320 609.999840 566.000640 622.000080 544.000000 671.999760 516.999680 660.000240 LED0603 0
657.999360 489.000240 685.999360 478.000080 707.000320 533.000160 679.000320 543.000240 LED0603 0
559.000320 379.000080 583.000320 394.999920 552.000000 443.000160 528.000000 427.000320 LED0603 0
430.000640 328.999680 472.999680 367.999920 452.999680 390.000240 409.999360 351.000000 LED0603 0
342.000640 271.000080 384.999680 231.999840 404.999680 254.000160 362.000640 292.999680 LED0603 0
384.999680 56.000160 440.999680 45.000000 447.000320 73.000080 391.000320 84.000240 LED0603 0
602.000640 31.999680 656.000000 33.999840 655.000320 63.000000 600.999680 61.999920 LED0603 0
1140.999680 42.999840 1196.000000 42.999840 1196.000000 70.999920 1140.999680 70.999920 LED0603 0
620.999680 75.000240 668.999680 70.999920 676.000000 145.000080 628.000000 149.999760 R0804 0
327.000320 79.999920 368.999680 90.000000 352.999680 158.999760 311.000320 148.999680 R0804 0
551.000320 536.999760 596.000000 526.999680 609.999360 596.000160 564.999680 606.000240 R0804 0
300.000000 615.000240 335.000320 585.000000 382.000640 639.000000 347.000320 669.000240 R0804 0
476.999680 118.000080 511.000320 145.000080 467.000320 200.000160 432.999680 173.000160 R0804 0
704.999680 43.999920 808.999680 34.999920 816.999680 123.999840 712.999680 132.999840 SOT-23 0
543.000320 96.999840 609.999360 146.000160 548.000000 228.000240 482.000640 178.999920 SOT-23 0
731.000320 594.000000 754.000640 615.000240 714.000640 658.000080 691.000320 636.999840 LED0603Flip 0
984.000000 40.000320 1160.000000 50.999760 1145.999360 267.999840 969.999360 256.999680 SOIC-8 0
