178.000640 428.999760 199.000320 427.000320 201.999360 462.000240 180.000000 463.999680 R0402 0
310.000640 653.999760 344.999680 655.999920 344.000000 677.000160 308.000000 675.000000 R0402 0
892.999680 604.000080 928.000000 594.000000 935.000320 617.999760 900.000000 627.999840 R0402 0
380.999680 64.000080 436.000000 51.999840 442.000640 79.999920 387.000320 92.000160 LED0603 0
532.000000 77.999760 584.999680 57.000240 595.000320 84.000240 543.000320 104.999760 LED0603 0
1122.000640 52.999920 1175.000320 58.999680 1171.000320 87.999840 1119.000320 81.000000 LED0603 0
976.000000 517.999680 1024.999680 544.999680 1011.000320 571.000320 962.000640 544.999680 LED0603 0
652.000000 496.000080 680.999680 497.000160 680.000000 552.000240 649.999360 551.000160 LED0603 0
460.999680 439.999920 484.000000 459.000000 448.000000 501.999840 426.000640 483.999840 LED0603 0
352.999680 380.000160 380.999680 371.000160 399.000320 425.000160 371.000320 435.000240 LED0603 0
430.000640 648.000000 460.000000 654.999840 446.000640 711.000000 416.000000 704.000160 LED0603 0
258.000640 316.000080 283.000320 331.999920 253.999360 379.000080 228.000000 362.000160 LED0603 0
431.000320 270.000000 476.000000 281.000160 459.000320 349.999920 412.999680 338.999760 R0804 0
276.999680 121.000320 320.000000 135.000000 299.000320 201.000240 256.000000 186.999840 R0804 0
286.000640 255.000240 320.999680 281.000160 283.000320 331.999920 248.000000 307.000080 R0804 0
466.000640 598.000320 512.000000 605.000160 500.999680 675.000000 455.000320 667.000080 R0804 0
311.000320 607.000320 348.000000 578.000160 392.000000 633.000240 355.000320 661.999680 R0804 0
948.000000 57.000240 1124.999680 83.000160 1092.000000 300.000240 916.000000 274.000320 SOIC-8 0
532.000000 193.000320 628.000000 149.999760 660.999680 223.999920 564.999680 266.999760 SOT-23 0
253.999360 347.999760 344.000000 293.999760 384.999680 364.000320 295.000320 418.000320 SOT-23 0
624.000000 643.999680 652.999680 645.999840 648.999680 705.000240 619.000320 703.000080 LED0603Flip 0
