892.999680 609.999840 928.999680 598.000320 936.000000 621.000000 900.000000 633.000240 R0402 0
308.999680 663.999840 344.999680 666.000000 344.000000 686.000160 307.000320 684.000000 R0402 0
176.000000 439.999920 196.000000 438.999840 198.000640 474.999840 178.000640 475.999920 R0402 0
1067.000320 177.999840 1108.000000 140.999760 1128.000000 163.000080 1087.000320 200.000160 LED0603 0
376.000000 73.000080 432.000000 61.999920 437.999360 92.000160 382.000640 103.000320 LED0603 0
255.000320 328.000320 280.000000 346.000320 248.000000 390.000240 223.000320 372.000240 LED0603 0
460.000000 450.000000 483.000320 469.000080 447.000320 511.999920 424.000000 492.999840 LED0603 0
350.000640 393.999840 376.999680 383.999760 396.000000 435.000240 368.999680 445.000320 LED0603 0
651.000320 502.999920 680.000000 504.000000 677.999360 560.000160 648.999680 559.000080 LED0603 0
431.000320 658.000080 459.000320 664.999920 446.000640 718.999920 417.999360 713.000160 LED0603 0
976.000000 520.999920 1024.000000 547.999920 1008.999680 574.999920 960.999680 547.999920 LED0603 0
311.000320 618.999840 347.000320 589.999680 392.000000 644.999760 356.000000 673.999920 R0804 0
430.000640 276.999840 473.999360 292.999680 448.999680 363.000240 404.999680 346.999680 R0804 0
272.000000 131.999760 313.999360 145.000080 293.999360 211.000320 252.000000 198.000000 R0804 0
284.000000 259.999920 320.000000 286.999920 278.000640 344.000160 240.999680 317.000160 R0804 0
497.999360 258.999840 591.000320 308.000160 552.000000 382.000320 459.000320 334.000080 SOT-23 0
248.999680 355.000320 340.000000 304.999920 383.000320 383.999760 292.999680 434.000160 SOT-23 0
466.000640 607.000320 511.000320 615.000240 499.000320 684.000000 453.999360 677.000160 R0804 0
624.000000 652.000320 652.000000 652.999680 649.999360 709.999920 620.999680 708.999840 LED0603Flip 0
630.000640 150.999840 692.000000 157.000320 688.999680 185.999760 628.000000 180.000000 LED0603Flip 0
860.000000 247.999680 1036.999680 258.999840 1023.000320 477.000000 845.999360 465.999840 SOIC-8 0
