178.000640 442.000080 199.000320 442.000080 199.000320 474.999840 178.000640 474.999840 R0402 0
308.000000 664.999920 346.000640 668.000160 344.000000 686.000160 307.000320 682.999920 R0402 0
892.999680 610.999920 928.000000 598.999680 935.000320 619.999920 900.000000 632.000160 R0402 0
1068.000000 177.999840 1108.999680 141.999840 1128.999680 165.000240 1088.000000 201.000240 LED0603 0
376.000000 75.000240 431.000320 61.999920 437.999360 91.000080 382.000640 103.999680 LED0603 0
203.000320 357.999840 248.999680 328.999680 264.999680 354.000240 219.000320 383.999760 LED0603 0
352.999680 391.999680 380.999680 383.999760 396.999680 437.999760 369.999360 445.999680 LED0603 0
460.000000 451.000080 483.000320 469.000080 448.000000 514.000080 424.999680 496.000080 LED0603 0
431.000320 659.000160 460.000000 666.000000 446.000640 720.000000 417.999360 714.000240 LED0603 0
651.000320 505.000080 679.000320 505.000080 679.000320 561.000240 651.000320 561.000240 LED0603 0
976.000000 523.000080 1024.999680 550.000080 1011.000320 576.000000 960.999680 549.000000 LED0603 0
310.000640 618.999840 344.999680 589.000320 392.999680 643.000320 359.000320 673.999920 R0804 0
388.000000 339.999840 444.000000 293.999760 472.999680 329.999760 416.999680 375.999840 R0804 0
627.000320 652.999680 654.000640 655.999920 648.000000 711.000000 620.999680 707.999760 LED0603Flip 0
624.999680 91.000080 680.000000 67.000320 691.000320 92.000160 636.000000 114.999840 LED0603Flip 0
467.000320 608.999760 512.999680 616.000320 502.000640 685.000080 456.000000 677.000160 R0804 0
267.000320 259.999920 306.000640 277.999920 276.000000 343.000080 236.999680 324.000000 R0804 0
275.000320 131.999760 316.999680 146.000160 295.000320 212.999760 252.999680 199.000080 R0804 0
619.000320 114.999840 844.000000 112.999680 844.999680 222.999840 620.000000 225.000000 R2512 0
804.999680 302.999760 1034.000640 264.000240 1072.000000 484.999920 843.000320 524.000160 TSSOP-20 0
524.999680 300.000240 712.000000 247.000320 765.999360 435.000240 579.000320 489.000240 CAP5053 0
