178.000640 411.999840 199.000320 409.999680 201.999360 445.000320 180.999680 446.999760 R0402 0
308.000000 634.000320 340.999680 637.999920 339.000320 659.000160 304.999680 654.999840 R0402 0
891.000320 591.999840 925.999360 580.999680 932.999680 601.999920 899.000320 614.000160 R0402 0
1072.999680 163.000080 1115.000320 129.000240 1132.999680 150.999840 1091.000320 184.999680 LED0603 0
353.999360 364.000320 382.000640 355.999680 399.000320 409.000320 371.000320 418.000320 LED0603 0
206.000640 331.999920 252.000000 302.999760 268.000000 328.000320 221.999360 356.999760 LED0603 0
460.999680 424.000080 483.000320 442.000080 447.000320 484.999920 424.999680 466.999920 LED0603 0
651.000320 481.000320 679.000320 481.999680 676.999680 536.999760 648.999680 535.999680 LED0603 0
976.000000 504.000000 1023.000320 534.000240 1008.000000 559.000080 960.000000 528.999840 LED0603 0
430.000640 632.000160 457.999360 640.000080 443.000320 694.000080 415.000320 686.000160 LED0603 0
384.000000 48.000240 440.000000 38.000160 444.999680 65.000160 388.999680 75.000240 LED0603 0
635.000320 67.999680 684.000000 43.999920 696.999680 68.999760 648.000000 93.000240 LED0603Flip 0
628.000000 631.000080 655.000320 633.000240 651.000320 688.000320 624.000000 686.000160 LED0603Flip 0
400.999680 308.000160 460.000000 267.999840 487.000320 307.000080 428.000000 347.999760 R0804 0
311.000320 590.999760 346.000640 562.999680 388.999680 616.999680 353.999360 644.999760 R0804 0
668.000000 95.999760 896.000000 86.999760 900.999680 201.000240 672.999680 210.000240 R2512 0
283.000320 104.999760 323.000320 119.000160 300.000000 184.999680 260.000000 172.000080 R0804 0
270.000640 231.999840 308.999680 249.999840 280.000000 313.999920 240.999680 295.999920 R0804 0
464.000000 582.999840 508.000000 589.999680 497.999360 657.000000 453.999360 651.000240 R0804 0
576.000000 294.999840 768.000000 266.999760 796.000000 461.000160 604.000000 489.000240 CAP5053 0
832.000000 294.999840 1062.000640 267.999840 1088.000000 488.000160 857.999360 515.000160 TSSOP-20 0
