179.000320 411.999840 200.000000 409.999680 203.000320 445.000320 181.999360 446.999760 R0402 0
307.000320 634.999680 344.000000 639.000000 340.999680 660.000240 304.999680 655.999920 R0402 0
863.000320 623.000160 892.000000 596.000160 911.000320 616.999680 880.999680 643.000320 R0402 0
353.999360 364.999680 384.000000 355.999680 400.000000 409.999680 371.000320 418.999680 LED0603 0
206.000640 333.000000 252.999680 303.999840 268.000000 328.000320 221.999360 357.999840 LED0603 0
460.999680 425.000160 484.000000 443.000160 448.999680 487.000080 426.000640 469.000080 LED0603 0
647.000320 484.999920 675.000320 483.999840 676.999680 540.000000 648.999680 541.000080 LED0603 0
907.000320 559.000080 932.999680 545.999760 956.999680 596.000160 931.000320 608.999760 LED0603 0
431.000320 633.000240 457.999360 640.000080 444.000000 694.000080 416.000000 686.000160 LED0603 0
384.999680 49.000320 440.999680 39.000240 446.000640 67.999680 390.000640 76.999680 LED0603 0
1072.999680 164.000160 1116.000000 129.000240 1134.000640 151.999920 1091.000320 186.999840 LED0603 0
281.999360 105.999840 324.000000 120.000240 301.999360 185.999760 260.000000 173.000160 R0804 0
271.000320 232.999920 311.000320 253.000080 279.000320 315.000000 240.000000 294.999840 R0804 0
464.999680 582.999840 510.000640 589.999680 499.000320 659.000160 452.999680 652.000320 R0804 0
310.000640 590.999760 346.000640 562.000320 390.000640 617.999760 353.999360 645.999840 R0804 0
377.999360 293.999760 447.000320 292.000320 448.999680 338.999760 379.000320 340.999920 R0804 0
633.999360 70.999920 684.000000 42.999840 700.000000 73.000080 651.000320 100.000080 LED0603Flip 0
627.000320 631.000080 656.000000 633.000240 652.000000 690.999840 624.000000 688.999680 LED0603Flip 0
776.999680 248.999760 863.000320 180.000000 1004.000000 355.000320 917.999360 424.000080 R2512 0
984.999680 361.000080 1200.999680 366.999840 1195.000320 599.999760 977.999360 592.999920 TSSOP-20 0
526.000640 148.000320 700.999680 247.999680 606.000640 414.000000 431.000320 315.000000 CAP5053 0
