179.000320 411.999840 200.000000 409.999680 201.999360 445.000320 181.999360 446.999760 R0402 0
308.000000 635.999760 343.000320 639.000000 340.999680 660.000240 306.000640 655.999920 R0402 0
864.000000 623.000160 892.999680 598.000320 908.999680 616.999680 880.999680 642.000240 R0402 0
384.000000 49.000320 440.999680 39.000240 446.000640 67.999680 388.999680 76.999680 LED0603 0
206.000640 331.999920 252.999680 304.999920 268.000000 329.999760 220.000000 356.999760 LED0603 0
460.000000 424.000080 483.000320 442.000080 448.999680 487.000080 426.000640 469.000080 LED0603 0
647.000320 484.999920 676.000000 483.999840 677.999360 540.000000 648.999680 541.000080 LED0603 0
907.000320 559.000080 934.000640 545.999760 957.999360 597.000240 931.000320 609.999840 LED0603 0
430.000640 633.000240 457.999360 640.000080 444.000000 693.000000 416.000000 686.000160 LED0603 0
1072.999680 164.000160 1115.000320 129.000240 1134.000640 150.999840 1092.000000 185.999760 LED0603 0
353.999360 366.999840 383.000320 356.999760 400.000000 408.000240 371.000320 418.000320 LED0603 0
628.000000 631.000080 657.999360 633.000240 652.999680 690.999840 623.000320 688.999680 LED0603Flip 0
633.999360 67.999680 687.000320 43.999920 699.000320 72.000000 645.999360 95.999760 LED0603Flip 0
313.999360 329.999760 380.000000 308.000160 395.000320 353.000160 328.999680 374.999760 R0804 0
308.999680 589.999680 346.000640 562.000320 390.000640 618.999840 353.999360 646.999920 R0804 0
271.000320 232.999920 311.000320 253.000080 280.000000 316.000080 240.000000 295.999920 R0804 0
280.999680 105.999840 327.000320 120.000240 304.999680 187.999920 260.000000 173.000160 R0804 0
464.999680 582.999840 510.000640 590.999760 497.999360 659.000160 453.999360 652.000320 R0804 0
800.000000 177.999840 899.000320 231.999840 790.000640 430.999920 691.000320 375.999840 R2512 0
899.000320 333.000000 1094.000640 229.000320 1204.000000 436.000320 1008.999680 540.000000 TSSOP-20 0
340.999680 180.000000 480.999680 43.999920 626.000640 192.000240 486.000640 328.999680 CAP5053 0
