865.999360 612.000000 888.999680 616.999680 882.000640 653.999760 859.000320 649.000080 R0402 0
306.000640 664.999920 342.000640 667.000080 340.999680 686.000160 304.999680 684.000000 R0402 0
173.999360 442.000080 193.999360 439.999920 196.999680 474.999840 176.999680 477.000000 R0402 0
356.000000 55.000080 407.000320 31.000320 420.000000 58.000320 368.000000 82.000080 LED0603 0
1064.000000 178.999920 1105.999360 144.000000 1124.000000 165.000240 1083.000320 200.000160 LED0603 0
896.999680 574.999920 945.999360 604.000080 929.999360 631.000080 880.999680 601.999920 LED0603 0
644.000000 509.999760 672.000000 508.000320 676.000000 563.999760 647.000320 565.999920 LED0603 0
417.999360 490.000320 466.000640 460.000080 480.999680 484.999920 432.999680 515.000160 LED0603 0
337.999360 427.999680 360.999680 446.999760 327.000320 490.000320 304.000000 472.000320 LED0603 0
196.999680 318.000240 220.000000 337.000320 187.000320 379.000080 164.000000 360.000000 LED0603 0
412.999680 654.999840 439.000320 664.999920 417.999360 715.999680 392.000000 705.000240 LED0603 0
264.999680 133.999920 300.000000 144.000000 281.999360 205.999920 247.000320 195.999840 R0804 0
204.999680 240.999840 243.000320 263.000160 208.999680 322.999920 171.000320 301.999680 R0804 0
451.000320 605.000160 496.999680 613.000080 484.999680 682.999920 439.000320 676.000080 R0804 0
307.000320 618.999840 343.000320 589.999680 388.999680 644.999760 353.999360 673.999920 R0804 0
212.999680 327.000240 272.000000 290.000160 298.000640 329.999760 238.000640 367.999920 R0804 0
281.999360 124.999920 492.000000 115.999920 500.999680 310.999680 291.000320 319.999680 CAP5053 0
945.999360 69.999840 1052.000000 105.999840 982.000640 311.999760 876.000000 275.999760 R2512 0
615.000320 372.000240 802.000640 261.000000 923.000320 463.999680 735.000320 574.999920 TSSOP-20 0
597.999360 635.999760 627.000320 643.000320 612.999680 698.999760 584.000000 691.999920 LED0603Flip 0
627.000320 68.999760 685.999360 83.000160 679.000320 112.999680 620.000000 99.000000 LED0603Flip 0
