888.999680 594.000000 911.000320 598.999680 904.000000 634.999680 880.999680 630.000000 R0402 0
311.000320 649.000080 344.000000 649.000080 344.000000 669.000240 311.000320 669.000240 R0402 0
186.000640 419.999760 208.000000 423.000000 203.000320 456.999840 180.999680 453.000240 R0402 0
912.999680 560.000160 963.000320 567.000000 960.000000 595.000080 908.999680 589.000320 LED0603 0
447.000320 470.000160 496.000000 444.000240 510.000640 471.000240 460.999680 497.000160 LED0603 0
676.000000 479.000160 704.999680 484.999920 694.000640 541.000080 664.999680 535.000320 LED0603 0
357.999360 409.000320 382.000640 425.000160 351.000320 471.000240 327.000320 454.999680 LED0603 0
419.000320 636.999840 446.000640 645.999840 428.000000 697.999680 400.999680 688.000320 LED0603 0
193.999360 295.999920 221.999360 289.000080 236.000000 343.000080 208.000000 349.999920 LED0603 0
369.999360 31.999680 416.000000 13.999680 427.000320 40.000320 380.000000 58.000320 LED0603 0
459.000320 284.999760 502.000640 267.999840 528.000000 333.000000 484.999680 349.999920 R0804 0
280.000000 236.000160 335.000320 195.999840 360.999680 231.999840 306.000640 272.000160 R0804 0
300.000000 159.999840 356.000000 121.000320 380.000000 156.000240 324.000000 194.999760 R0804 0
506.000640 580.000320 539.000320 608.999760 492.000000 660.000240 460.000000 631.000080 R0804 0
308.999680 603.000000 344.000000 574.999920 387.000320 627.999840 352.999680 655.999920 R0804 0
1176.000000 122.999760 1203.000320 122.999760 1203.000320 172.000080 1176.000000 172.000080 LED0603 0
1065.999360 30.000240 1175.000320 30.000240 1175.000320 246.000240 1065.999360 246.000240 R2512 0
896.999680 255.000240 1116.000000 279.000000 1103.000320 392.999760 884.999680 369.000000 R2512 0
975.000320 409.999680 1205.999360 412.999920 1204.000000 632.000160 972.999680 628.999920 TSSOP-20 0
648.999680 637.999920 692.999680 596.000160 712.999680 616.999680 670.000640 659.000160 LED0603Flip 0
679.000320 40.000320 740.999680 74.000160 727.000320 97.999920 665.999360 65.000160 LED0603Flip 0
