304.000000 650.000160 339.000320 650.000160 339.000320 669.000240 304.000000 669.000240 R0402 0
859.000320 517.000320 897.999360 517.000320 897.999360 537.999840 859.000320 537.999840 R0402 0
957.999360 159.999840 1000.000000 196.999920 980.999680 219.000240 937.999360 183.000240 LED0603 0
971.000320 394.999920 1023.000320 399.000240 1020.999680 427.999680 968.000000 423.000000 LED0603 0
843.000320 466.999920 894.000640 489.000240 883.000320 516.000240 832.000000 495.000000 LED0603 0
363.000320 30.000240 417.999360 14.999760 426.000640 45.000000 372.000000 59.999760 LED0603 0
388.999680 56.000160 416.000000 45.000000 436.000000 94.999680 408.999680 105.999840 LED0603 0
735.000320 37.000080 764.000000 34.999920 768.000000 90.000000 739.000320 92.000160 LED0603 0
944.999680 40.999680 997.999360 36.000000 1000.000000 65.000160 947.000320 69.999840 LED0603 0
587.000320 276.999840 632.000000 273.000240 637.999360 344.000160 592.999680 347.999760 R0804 0
557.999360 25.999920 603.000320 25.999920 603.000320 85.999680 557.999360 85.999680 R0804 0
471.000320 14.999760 503.000320 42.999840 462.000640 88.999920 430.000640 61.999920 R0804 0
763.000320 211.000320 800.000000 241.999920 752.999680 298.000080 716.000000 266.999760 R0804 0
296.999680 607.000320 332.999680 577.000080 379.000320 631.000080 343.000320 661.000320 R0804 0
992.000000 68.999760 1094.000640 29.000160 1175.000320 237.000240 1072.999680 276.999840 R2512 0
942.000640 276.999840 1159.000320 301.000320 1147.000320 412.999920 929.999360 390.000240 R2512 0
936.999680 426.000240 1167.000320 421.999920 1169.999360 645.999840 940.000000 650.000160 TSSOP-20 0
932.999680 147.000240 974.000640 109.000080 996.999680 133.999920 956.000000 172.000080 LED0603Flip 0
1147.000320 154.000080 1203.000320 148.000320 1204.999680 174.000240 1148.999680 180.000000 LED0603Flip 0
708.999680 295.999920 736.000000 307.000080 714.000640 361.000080 688.000000 349.999920 LED0603Flip 0
