304.000000 650.000160 337.999360 650.000160 337.999360 669.000240 304.000000 669.000240 R0402 0
860.000000 517.000320 896.999680 517.000320 896.999680 537.999840 860.000000 537.999840 R0402 0
388.999680 50.999760 420.999680 40.999680 436.999680 93.000240 406.000640 103.000320 LED0603 0
363.000320 31.000320 417.999360 16.999920 424.000000 40.999680 369.999360 56.000160 LED0603 0
735.000320 37.000080 764.000000 34.999920 768.000000 88.999920 739.000320 91.000080 LED0603 0
957.999360 160.999920 1000.999680 195.999840 980.999680 219.000240 939.000320 184.000320 LED0603 0
628.999680 472.999680 672.000000 435.000240 691.000320 456.999840 648.000000 495.000000 LED0603 0
964.000000 379.000080 1019.000320 387.000000 1015.000320 416.000160 960.000000 408.000240 LED0603 0
944.999680 40.000320 997.999360 36.000000 1000.000000 65.000160 947.000320 68.999760 LED0603 0
587.000320 276.999840 632.000000 273.000240 637.999360 344.000160 592.999680 347.999760 R0804 0
559.000320 20.000160 603.000320 20.000160 603.000320 85.999680 559.000320 85.999680 R0804 0
468.999680 13.999680 504.999680 42.999840 467.000320 93.000240 430.000640 65.000160 R0804 0
951.000320 256.000320 1164.999680 301.999680 1140.999680 414.000000 927.000320 367.999920 R2512 0
991.000320 70.999920 1092.999680 30.000240 1174.000640 232.999920 1072.999680 274.000320 R2512 0
762.000640 210.000240 799.000320 240.999840 752.999680 297.000000 716.000000 265.999680 R0804 0
327.000320 266.999760 543.000320 356.999760 453.999360 570.000240 236.999680 480.000240 TSSOP-20 0
710.000640 295.999920 736.000000 307.000080 714.000640 360.000000 688.000000 348.999840 LED0603Flip 0
1147.000320 154.000080 1203.000320 148.000320 1204.999680 174.000240 1150.000640 180.000000 LED0603Flip 0
932.999680 147.000240 975.000320 109.000080 995.000320 130.999680 952.999680 168.999840 LED0603Flip 0
298.000640 607.999680 332.000000 577.000080 379.000320 630.000000 344.999680 660.000240 R0804 0
