422.000640 663.999840 440.000000 650.000160 466.000640 685.000080 448.999680 698.999760 R0402 0
261.999360 667.000080 296.000000 666.000000 296.999680 684.000000 263.000320 686.000160 R0402 0
281.999360 112.999680 316.999680 121.000320 312.000000 144.000000 276.999680 136.000080 R0402 0
328.999680 77.999760 384.999680 33.999840 412.000000 68.999760 356.000000 112.999680 R0804 0
543.000320 11.000160 588.000000 16.999920 577.999360 85.000320 532.999680 78.999840 R0804 0
428.000000 249.999840 482.000640 211.000320 508.000000 247.000320 453.999360 285.999840 R0804 0
233.999360 619.999920 301.999360 625.000320 299.000320 669.000240 231.000320 663.999840 R0804 0
700.999680 204.999840 745.999360 202.000320 752.000000 274.000320 705.999360 276.999840 R0804 0
388.999680 344.000160 416.999680 349.999920 404.999680 403.999920 376.000000 398.000160 LED0603 0
654.000640 520.999920 711.000320 531.000000 704.999680 560.000160 648.999680 550.000080 LED0603 0
919.000320 166.999680 971.000320 177.999840 964.999680 205.999920 912.999680 193.999680 LED0603 0
1063.000320 82.000080 1092.999680 75.000240 1107.000320 130.000320 1076.999680 137.000160 LED0603 0
892.000000 20.000160 945.999360 16.999920 948.000000 47.000160 892.999680 49.999680 LED0603 0
736.999680 19.000080 768.000000 23.999760 760.000000 78.999840 728.000000 74.000160 LED0603 0
369.999360 13.000320 423.000320 -1.000080 431.000320 23.999760 376.999680 39.000240 LED0603 0
291.000320 61.999920 322.000640 64.000080 319.000320 118.000080 288.000000 115.999920 LED0603 0
609.999360 184.999680 711.000320 238.999680 603.000320 438.999840 502.000640 383.999760 R2512 0
412.999680 463.000320 636.000000 489.000240 623.000320 601.999920 400.000000 576.000000 R2512 0
910.000640 137.000160 965.999360 124.999920 972.000000 151.999920 916.000000 164.000160 LED0603Flip 0
448.999680 285.999840 499.000320 248.999760 517.999360 274.999680 468.999680 311.999760 LED0603Flip 0
152.000000 391.999680 384.000000 396.000000 380.000000 623.000160 148.000000 618.999840 TSSOP-20 0
