247.000320 691.999920 261.999360 679.000320 288.000000 707.999760 272.999680 722.000160 R0402 0
547.000320 587.000160 564.000000 573.999840 588.000000 606.000240 571.000320 618.999840 R0402 0
240.999680 169.999920 260.000000 158.999760 280.999680 195.999840 260.999680 207.000000 R0402 0
584.999680 250.999920 643.000320 256.999680 640.000000 285.999840 582.000640 280.000080 LED0603 0
1051.000320 268.999920 1080.000000 272.000160 1074.000640 327.000240 1044.000000 324.000000 LED0603 0
980.000000 493.999920 1036.000000 491.999760 1036.999680 520.999920 980.999680 523.000080 LED0603 0
1040.999680 63.000000 1070.000640 65.000160 1067.000320 121.000320 1036.999680 119.000160 LED0603 0
815.000320 51.999840 870.000640 48.000240 872.000000 76.999680 816.000000 81.000000 LED0603 0
316.000000 38.000160 371.000320 25.999920 376.999680 56.000160 323.000320 67.999680 LED0603 0
191.000320 102.000240 219.000320 91.000080 239.000320 144.000000 211.000320 154.000080 LED0603 0
422.000640 185.999760 447.000320 193.999680 428.999680 247.999680 403.000320 238.999680 LED0603 0
560.999680 31.999680 606.000640 34.999920 602.000640 101.000160 556.999680 97.999920 R0804 0
380.999680 164.000160 423.000320 178.999920 397.999360 246.000240 356.000000 230.999760 R0804 0
284.999680 286.999920 346.000640 319.999680 326.000640 357.999840 264.999680 325.000080 R0804 0
220.000000 580.999680 286.000640 606.000240 268.999680 650.000160 203.000320 625.000320 R0804 0
954.000640 82.000080 982.000640 94.000320 959.000320 147.000240 932.000000 136.000080 LED0603Flip 0
512.000000 190.000080 536.999680 208.000080 503.000320 255.000240 477.999360 236.000160 LED0603Flip 0
805.999360 96.999840 910.000640 139.000320 825.999360 346.999680 722.000640 304.999920 R2512 0
696.999680 327.000240 916.000000 382.999680 888.000000 495.000000 668.000000 438.999840 R2512 0
924.000000 538.999920 1135.000320 527.999760 1144.000000 705.000240 934.000640 715.999680 SOIC-8 0
203.000320 490.000320 366.000640 346.000320 520.999680 520.999920 357.999360 664.999920 TSSOP-20 0
