247.000320 693.000000 261.999360 679.999680 288.999680 707.999760 273.999360 722.000160 R0402 0
548.000000 587.000160 564.000000 574.999920 588.000000 605.000160 571.000320 617.999760 R0402 0
240.000000 171.000000 259.000320 158.999760 280.999680 194.999760 261.999360 207.000000 R0402 0
1048.999680 268.999920 1080.000000 271.000080 1075.000320 327.000240 1044.000000 324.000000 LED0603 0
1040.999680 63.000000 1070.000640 65.000160 1067.000320 121.999680 1036.999680 120.000240 LED0603 0
820.000000 37.000080 875.000320 48.000240 868.999680 74.000160 815.000320 63.000000 LED0603 0
584.999680 250.999920 642.000640 256.000320 640.000000 285.999840 582.000640 281.000160 LED0603 0
316.000000 38.000160 371.000320 25.999920 376.999680 56.000160 322.000640 67.999680 LED0603 0
191.000320 102.000240 219.000320 92.000160 239.000320 144.000000 211.000320 155.000160 LED0603 0
420.999680 186.999840 448.000000 198.000000 428.000000 249.999840 400.000000 238.999680 LED0603 0
980.000000 492.999840 1036.000000 492.999840 1036.000000 523.000080 980.000000 523.000080 LED0603 0
284.999680 286.999920 347.000320 319.000320 326.000640 357.999840 264.000000 326.000160 R0804 0
380.999680 165.000240 424.000000 181.000080 400.000000 247.000320 356.999680 231.999840 R0804 0
559.000320 31.999680 606.000640 33.999840 603.000320 101.000160 556.999680 99.000000 R0804 0
220.000000 580.999680 284.999680 605.000160 268.000000 650.000160 203.000320 625.000320 R0804 0
824.000000 63.000000 932.000000 100.000080 859.000320 313.999920 751.000320 276.999840 R2512 0
682.000640 396.000000 787.000320 442.000080 696.999680 650.000160 592.000000 605.000160 R2512 0
924.999680 537.999840 1136.999680 527.999760 1145.999360 705.000240 934.000640 715.999680 SOIC-8 0
201.999360 490.000320 368.999680 343.000080 524.000000 520.999920 356.999680 667.000080 TSSOP-20 0
956.000000 83.000160 980.999680 94.999680 956.999680 147.000240 931.000320 135.000000 LED0603Flip 0
506.000640 190.000080 532.999680 202.999680 507.000320 254.000160 480.999680 240.999840 LED0603Flip 0
