548.000000 587.000160 564.000000 574.999920 588.000000 606.000240 572.000000 617.999760 R0402 0
247.000320 690.999840 261.999360 678.000240 288.999680 708.999840 272.999680 723.000240 R0402 0
239.000320 175.000320 253.999360 160.999920 281.999360 191.000160 266.000640 204.999840 R0402 0
1042.000640 63.000000 1071.000320 65.000160 1065.999360 120.000240 1036.999680 118.000080 LED0603 0
1095.000320 232.999920 1128.000000 229.000320 1134.000640 285.999840 1100.999680 289.000080 LED0603 0
820.000000 36.000000 875.000320 46.000080 868.999680 76.000320 815.000320 66.000240 LED0603 0
584.999680 252.000000 642.000640 256.000320 640.000000 285.999840 583.000320 282.000240 LED0603 0
316.000000 37.000080 369.999360 24.999840 376.999680 56.000160 323.000320 67.999680 LED0603 0
191.000320 102.000240 219.000320 91.000080 239.000320 144.000000 211.000320 154.000080 LED0603 0
980.000000 492.999840 1034.000640 489.000240 1036.000000 518.999760 982.000640 523.000080 LED0603 0
419.000320 186.999840 446.000640 195.999840 428.999680 249.999840 400.999680 239.999760 LED0603 0
560.000000 31.000320 606.000640 33.999840 602.000640 101.000160 556.000000 97.999920 R0804 0
382.000640 164.000160 424.999680 181.000080 397.999360 247.000320 356.000000 229.999680 R0804 0
284.999680 286.999920 347.000320 319.999680 326.000640 358.999920 264.000000 325.000080 R0804 0
220.000000 580.999680 284.999680 605.000160 268.999680 649.000080 203.000320 625.000320 R0804 0
859.000320 262.000080 1076.000000 316.000080 1048.999680 425.000160 832.000000 372.000240 R2512 0
683.000320 396.000000 787.000320 442.000080 696.000000 650.000160 591.000320 604.000080 R2512 0
924.000000 538.999920 1136.000000 526.999680 1144.999680 705.000240 934.000640 715.999680 SOIC-8 0
203.000320 487.000080 369.999360 343.000080 524.000000 523.000080 356.999680 667.000080 TSSOP-20 0
954.000640 82.000080 980.999680 92.000160 960.000000 147.000240 932.999680 137.000160 LED0603Flip 0
508.000000 190.000080 535.000320 204.999840 506.000640 255.000240 479.000320 239.999760 LED0603Flip 0
