175.000320 117.000000 195.000320 111.000240 207.000320 145.000080 187.000320 150.999840 R0402 0
241.999360 653.999760 271.000320 668.000160 260.999680 687.000240 232.999680 672.999840 R0402 0
592.999680 612.000000 620.000000 632.000160 608.000000 646.999920 580.999680 626.999760 R0402 0
199.000320 29.000160 227.000320 42.999840 200.000000 96.999840 172.000000 83.000160 LED0603 0
311.000320 36.000000 371.000320 28.000080 375.000320 57.000240 313.999360 63.000000 LED0603 0
379.000320 37.000080 400.999680 58.000320 364.999680 99.000000 342.000640 77.999760 LED0603 0
211.000320 181.000080 256.999680 211.000320 241.999360 235.000080 196.000000 203.999760 LED0603 0
616.999680 31.000320 676.000000 31.999680 676.000000 56.000160 616.999680 55.000080 LED0603 0
999.000320 36.000000 1030.000640 39.000240 1024.999680 94.000320 994.000640 91.000080 LED0603 0
1142.000640 240.999840 1192.000000 264.000240 1180.000000 290.000160 1129.999360 267.999840 LED0603 0
807.000320 317.000160 836.999680 310.000320 851.000320 364.999680 820.999680 372.000240 LED0603 0
576.000000 32.999760 622.000640 33.999840 620.000000 94.000320 573.999360 93.000240 R0804 0
258.000640 94.000320 324.999680 92.000160 327.000320 135.000000 260.000000 137.000160 R0804 0
220.999680 235.000080 284.999680 210.000240 303.000320 256.000320 239.000320 281.000160 R0804 0
164.999680 504.000000 220.000000 460.000080 247.000320 495.000000 192.999680 538.999920 R0804 0
870.000640 111.000240 922.000640 92.000160 932.000000 120.000240 880.000000 139.000320 LED0603Flip 0
736.999680 81.000000 792.999680 66.000240 800.999680 94.999680 744.999680 110.000160 LED0603Flip 0
839.000320 196.999920 952.000000 190.000080 964.999680 416.000160 852.999680 421.999920 R2512 0
716.999680 250.999920 822.000640 294.999840 734.000640 504.000000 628.999680 461.000160 R2512 0
920.000000 612.000000 1087.000320 481.999680 1192.999680 618.999840 1027.000320 749.000160 SOIC-8 0
466.000640 417.000240 626.000640 573.999840 463.000320 741.000240 301.999360 582.999840 TSSOP-20 0
