524.000000 615.000240 556.999680 600.999840 564.999680 619.999920 531.000320 634.000320 R0402 0
985.999360 187.999920 1020.999680 202.000320 1014.000640 220.000320 979.000320 207.000000 R0402 0
209.999360 212.999760 247.000320 216.000000 246.000640 234.000000 208.000000 230.999760 R0402 0
665.999360 136.000080 719.000320 115.999920 728.999680 145.000080 676.000000 164.000160 LED0603 0
823.000320 411.999840 852.000000 414.000000 849.999360 470.000160 820.000000 468.000000 LED0603 0
635.000320 579.000240 688.999680 605.000160 676.000000 632.000160 623.000320 606.000240 LED0603 0
164.999680 508.999680 192.000000 509.999760 190.000640 563.999760 164.000000 562.999680 LED0603 0
200.999680 94.000320 252.999680 74.000160 263.000320 101.000160 211.000320 121.000320 LED0603 0
884.999680 310.999680 931.000320 310.999680 931.000320 382.000320 884.999680 382.000320 R0804 0
327.000320 433.000080 395.000320 446.999760 387.000320 490.000320 318.000640 475.999920 R0804 0
756.999680 502.999920 812.000000 456.999840 842.000640 492.999840 785.999360 538.999920 R0804 0
283.000320 622.000080 348.000000 595.000080 364.999680 637.999920 300.000000 663.999840 R0804 0
322.000640 533.000160 377.999360 545.999760 371.000320 573.999840 316.000000 561.000240 LED0603Flip 0
503.000320 97.999920 557.999360 81.000000 567.000320 108.000000 512.000000 124.999920 LED0603Flip 0
696.999680 151.999920 919.000320 117.000000 936.000000 227.000160 714.000640 262.000080 R2512 0
