439.000320 502.999920 468.000000 493.999920 473.999360 511.999920 444.999680 520.999920 R0402 0
511.000320 400.999680 564.000000 391.000320 569.999360 420.999840 516.999680 430.999920 R0603 0
544.999680 436.000320 603.000320 436.000320 603.000320 464.999760 544.999680 464.999760 LED0603 0
472.000000 337.999680 496.999680 319.999680 529.999360 365.999760 504.999680 384.999840 LED0603 0
576.999680 267.999840 640.999680 236.000160 662.000640 279.000000 599.000320 310.999680 R0804 0
366.000640 544.000320 577.999360 478.000080 612.000000 586.000080 400.000000 652.999680 R2512 0
124.999680 328.999680 353.999360 272.000160 400.999680 457.999920 172.999680 516.000240 CAP5053 0
592.000000 430.999920 944.999680 104.999760 1270.000640 454.000320 916.999680 780.999840 LQFP7070 0
562.000640 147.000240 723.000320 7.999920 840.000000 142.999920 680.000000 282.000240 SOIC-8 0
348.000000 470.000160 407.000320 519.999840 337.999360 601.999920 278.000640 551.000160 SOT-23 0
220.999680 70.999920 433.999360 6.999840 499.000320 226.000080 286.000640 290.000160 TSSOP-20 0
552.000000 76.000320 595.000320 86.999760 577.999360 155.000160 535.000320 144.000000 R0804 0
