1035.000320 348.999840 1080.999680 380.000160 1063.000320 408.000240 1016.999680 376.999920 R0603 0
1108.999680 358.999920 1159.000320 336.000240 1172.999680 364.999680 1122.000640 388.000080 R0603 0
1125.999360 483.999840 1162.000640 474.999840 1176.000000 528.999840 1139.000320 537.999840 R0603 0
984.000000 328.999680 1020.000000 363.000240 999.000320 384.999840 963.000320 351.000000 R0603 0
1035.000320 155.000160 1088.000000 166.000320 1082.000640 196.999920 1028.000000 185.999760 R0603 0
1060.000000 120.000240 1112.000000 133.999920 1104.999680 162.000000 1052.999680 148.000320 R0603 0
676.999680 429.999840 707.000320 419.999760 724.000000 471.000240 694.000640 481.000320 R0603 0
190.000640 559.000080 243.000320 559.000080 243.000320 590.999760 190.000640 590.999760 R0603 0
812.000000 150.999840 999.000320 280.000080 935.000320 372.000240 748.000000 243.000000 R2512 0
492.000000 220.999680 715.000320 227.000160 712.000000 342.000000 488.999680 336.000240 R2512 0
