852.999680 163.000080 1059.000320 252.000000 1014.000640 355.000320 808.999680 265.999680 R2512 0
630.000640 337.999680 744.000000 336.000240 748.999680 563.999760 633.999360 565.999920 R2512 0
1127.000320 57.000240 1176.000000 43.999920 1184.000000 73.000080 1135.000320 86.999760 R0603 0
540.000000 64.000080 567.000320 76.000320 544.000000 126.000000 516.999680 112.999680 R0603 0
536.999680 610.999920 562.000640 630.000000 528.999680 672.999840 504.000000 653.999760 R0603 0
765.999360 639.000000 820.000000 639.000000 820.000000 670.000320 765.999360 670.000320 R0603 0
875.000320 688.000320 924.999680 662.999760 940.999680 695.000160 891.000320 720.000000 R0603 0
824.999680 409.999680 852.000000 429.999840 820.000000 473.999760 792.000000 453.000240 R0603 0
849.999360 428.999760 876.999680 446.999760 844.000000 492.999840 816.999680 473.999760 R0603 0
845.999360 479.000160 888.000000 439.999920 910.000640 463.000320 868.000000 502.999920 R0603 0
301.999360 430.999920 491.000320 307.000080 620.000000 506.000160 431.000320 628.999920 TSSOP-20 0
