536.000000 178.999920 764.000000 247.000320 699.000320 463.999680 471.000320 396.000000 TSSOP-20 0
895.000320 247.999680 1114.000640 232.999920 1122.000640 345.000240 903.000320 360.000000 R2512 0
925.999360 460.000080 1140.999680 506.000160 1116.999680 616.999680 902.000640 571.000320 R2512 0
784.999680 650.000160 836.000000 631.000080 847.000320 660.000240 796.000000 679.000320 R0603 0
831.000320 466.999920 887.000320 457.999920 892.999680 490.000320 836.999680 499.000320 R0603 0
905.999360 412.999920 937.999360 405.000000 950.000640 460.000080 917.999360 466.999920 R0603 0
1011.000320 445.999680 1068.999680 437.999760 1074.000640 469.000080 1015.000320 477.000000 R0603 0
1080.000000 399.000240 1136.000000 408.000240 1131.000320 442.000080 1074.000640 433.000080 R0603 0
936.999680 185.999760 976.000000 217.000080 956.999680 239.999760 917.999360 209.000160 R0603 0
1132.999680 118.000080 1157.999360 95.999760 1195.000320 139.000320 1171.000320 159.999840 R0603 0
1092.999680 436.999680 1122.000640 441.000000 1115.000320 493.999920 1085.999360 490.000320 R0603 0
