976.999680 77.999760 1024.999680 55.000080 1037.999360 82.000080 990.000640 104.999760 R0603 0
1070.000640 239.999760 1116.000000 209.000160 1135.000320 237.000240 1088.999680 267.999840 R0603 0
1104.999680 309.000240 1135.000320 301.000320 1148.999680 354.000240 1119.000320 362.000160 R0603 0
1114.000640 435.000240 1144.999680 441.000000 1132.999680 497.000160 1100.999680 490.000320 R0603 0
1097.999360 378.000000 1128.999680 379.000080 1127.000320 433.000080 1096.000000 432.000000 R0603 0
1023.000320 589.999680 1076.999680 589.999680 1076.999680 622.000080 1023.000320 622.000080 R0603 0
964.999680 579.000240 1020.000000 595.000080 1009.999360 626.999760 956.000000 610.999920 R0603 0
1028.000000 632.000160 1080.000000 649.000080 1071.000320 679.000320 1017.999360 662.999760 R0603 0
974.000640 330.999840 1084.000000 347.999760 1048.999680 571.999680 937.999360 554.999760 R2512 0
879.000320 85.000320 980.999680 131.999760 887.000320 335.000160 784.999680 288.000000 R2512 0
369.999360 57.000240 604.000000 65.000160 596.000000 286.999920 362.000640 279.000000 TSSOP-20 0
