268.999680 56.000160 292.000000 76.999680 252.000000 120.000240 228.999680 97.999920 R0603 0
546.000640 365.999760 575.000320 378.000000 552.999680 429.999840 524.000000 418.000320 R0603 0
360.999680 517.000320 390.000640 532.000080 364.000000 580.999680 336.000000 565.999920 R0603 0
1162.000640 297.000000 1188.999680 298.000080 1188.000000 346.999680 1160.000000 346.000320 R0603 0
1103.000320 124.999920 1154.000640 124.999920 1154.000640 154.000080 1103.000320 154.000080 R0603 0
1103.000320 124.999920 1154.000640 124.999920 1154.000640 154.000080 1103.000320 154.000080 R0603 0
1148.999680 129.000240 1204.000000 124.999920 1205.999360 155.000160 1152.000000 158.999760 R0603 0
1116.000000 230.999760 1188.999680 258.999840 1151.000320 356.999760 1077.999360 328.999680 SOT-23 0
1084.999680 164.000160 1184.999680 149.999760 1196.000000 223.999920 1095.000320 238.000320 SOT-23 0
1097.999360 32.999760 1199.000320 48.000240 1187.000320 128.000160 1085.999360 112.000320 SOT-23 0
