188.999680 447.999840 213.999360 427.000320 227.000320 442.000080 201.999360 463.000320 R0402 0
460.000000 162.000000 491.000320 146.000160 500.000000 163.000080 468.999680 178.999920 R0402 0
811.000320 58.000320 844.999680 58.000320 844.999680 76.000320 811.000320 76.000320 R0402 0
780.000000 67.000320 794.000640 56.000160 817.999360 82.000080 804.999680 94.000320 R0402 0
1028.999680 63.000000 1060.000000 63.000000 1060.000000 81.000000 1028.999680 81.000000 R0402 0
849.999360 315.000000 868.000000 306.000000 883.000320 337.000320 864.999680 346.000320 R0402 0
899.000320 336.000240 916.999680 347.999760 896.999680 376.999920 880.000000 364.999680 R0402 0
836.000000 361.000080 871.000320 354.000240 875.000320 374.999760 840.000000 382.000320 R0402 0
871.000320 385.999920 905.999360 385.999920 905.999360 406.000080 871.000320 406.000080 R0402 0
994.000640 472.000320 1025.999360 452.000160 1039.000320 471.000240 1007.000320 491.999760 R0402 0
1044.000000 423.000000 1062.000640 434.000160 1042.000640 466.999920 1024.000000 455.999760 R0402 0
1056.999680 676.000080 1088.000000 676.000080 1088.000000 695.000160 1056.999680 695.000160 R0402 0
1094.000640 552.000240 1111.000320 549.000000 1116.999680 583.999920 1100.000000 587.000160 R0402 0
1115.000320 549.000000 1148.999680 551.000160 1148.000000 573.999840 1114.000640 571.999680 R0402 0
1004.999680 614.000160 1032.999680 587.000160 1051.000320 605.000160 1023.000320 632.000160 R0402 0
892.999680 405.000000 928.999680 409.999680 925.999360 428.999760 889.999360 425.000160 R0402 0
1184.999680 104.999760 1200.999680 104.999760 1200.999680 133.999920 1184.999680 133.999920 R0402 0
715.000320 523.000080 768.000000 541.000080 756.999680 572.999760 704.000000 554.999760 R0603 0
828.000000 436.999680 857.999360 439.999920 854.000640 493.999920 823.000320 491.999760 R0603 0
876.000000 419.999760 928.999680 427.000320 924.000000 459.000000 872.000000 452.000160 R0603 0
902.000640 382.000320 952.000000 360.000000 964.999680 389.000160 914.000640 410.999760 R0603 0
659.000320 86.999760 707.000320 83.000160 710.000640 112.999680 660.999680 117.000000 R0603 0
642.000640 58.000320 695.000320 58.000320 695.000320 84.000240 642.000640 84.000240 R0603 0
588.000000 57.000240 640.000000 57.000240 640.000000 85.000320 588.000000 85.000320 R0603 0
206.000640 49.999680 259.000320 56.000160 256.000000 85.999680 203.000320 79.999920 R0603 0
233.999360 130.999680 300.999680 120.000240 308.999680 165.000240 240.999680 176.999760 R0804 0
333.999360 160.999920 402.000640 147.000240 411.000320 193.000320 343.000320 207.000000 R0804 0
382.000640 101.000160 451.000320 97.999920 453.999360 141.999840 384.000000 146.000160 R0804 0
310.000640 99.000000 380.000000 101.000160 377.999360 145.000080 308.000000 141.999840 R0804 0
331.000320 63.000000 400.000000 58.999680 403.000320 103.000320 333.999360 106.999920 R0804 0
255.000320 58.000320 296.000000 56.000160 298.000640 117.000000 256.999680 118.000080 R0804 0
448.000000 57.000240 488.999680 52.999920 495.000320 120.000240 453.999360 123.999840 R0804 0
492.999680 55.000080 537.999360 52.999920 540.999680 120.000240 496.000000 122.999760 R0804 0
542.000640 58.000320 586.000640 58.000320 586.000640 124.999920 542.000640 124.999920 R0804 0
590.000640 85.000320 633.999360 83.000160 636.000000 153.000000 592.999680 154.000080 R0804 0
852.999680 58.000320 914.000640 61.999920 911.000320 104.999760 849.999360 101.000160 R0804 0
830.000640 92.000160 864.999680 118.000080 824.999680 171.000000 790.000640 145.000080 R0804 0
756.999680 64.000080 797.999360 85.000320 767.000320 146.000160 725.999360 126.000000 R0804 0
917.999360 118.000080 983.000320 138.000240 969.999360 182.000160 904.999680 162.000000 R0804 0
952.000000 67.000320 996.000000 57.000240 1011.000320 123.999840 967.000320 133.999920 R0804 0
1111.000320 67.000320 1176.999680 69.999840 1174.000640 114.999840 1108.000000 112.999680 R0804 0
