994.000640 248.999760 1011.000320 261.000000 990.000640 289.000080 974.000640 276.999840 R0402 0
1119.000320 319.999680 1139.000320 317.000160 1144.000000 347.999760 1123.000320 351.000000 R0402 0
1088.000000 441.000000 1119.000320 465.999840 1104.999680 482.999760 1074.000640 457.999920 R0402 0
291.000320 489.000240 306.000640 475.999920 331.000320 504.000000 316.000000 517.000320 R0402 0
439.000320 648.000000 475.000320 653.999760 472.000000 675.000000 436.000000 669.000240 R0402 0
564.999680 695.000160 600.000000 685.000080 606.000640 705.000240 571.000320 715.000320 R0402 0
630.000640 661.999680 668.000000 671.999760 662.000640 693.000000 624.999680 684.000000 R0402 0
755.000320 606.000240 775.000320 609.999840 769.999360 640.000080 750.000640 636.999840 R0402 0
720.000000 650.000160 739.000320 645.999840 745.999360 681.999840 727.000320 686.000160 R0402 0
740.000000 645.999840 759.000320 642.000240 764.999680 678.000240 744.999680 680.999760 R0402 0
756.000000 650.000160 774.000640 641.000160 791.000320 673.999920 772.999680 682.999920 R0402 0
849.999360 661.000320 877.999360 639.000000 892.000000 655.999920 864.000000 678.000240 R0402 0
875.000320 682.999920 910.000640 677.000160 912.999680 697.000320 879.000320 703.000080 R0402 0
1042.000640 662.999760 1060.999680 667.000080 1056.000000 696.000240 1036.000000 691.999920 R0402 0
1043.000320 614.000160 1077.999360 618.999840 1075.000320 637.999920 1040.999680 634.000320 R0402 0
1028.999680 567.000000 1045.999360 580.999680 1023.000320 608.999760 1005.999360 595.000080 R0402 0
857.999360 526.000320 876.999680 517.000320 892.999680 550.000080 875.000320 559.000080 R0402 0
1084.000000 266.999760 1137.999360 257.999760 1144.000000 292.000320 1089.999360 301.000320 R0603 0
1055.000320 369.000000 1094.000640 333.000000 1115.000320 355.999680 1076.000000 391.999680 R0603 0
1065.999360 646.999920 1116.000000 659.000160 1108.000000 688.999680 1059.000320 677.000160 R0603 0
784.000000 677.000160 828.000000 643.999680 845.999360 668.000160 802.000640 700.999920 R0603 0
642.000640 609.999840 696.999680 609.999840 696.999680 642.000240 642.000640 642.000240 R0603 0
283.000320 625.000320 336.999680 627.999840 335.000320 659.000160 280.999680 655.999920 R0603 0
991.000320 445.999680 1056.999680 457.999920 1049.999360 501.999840 983.000320 490.999680 R0804 0
1031.000320 498.000240 1096.999680 511.999920 1088.000000 555.999840 1022.000640 542.000160 R0804 0
1043.000320 570.000240 1111.000320 576.000000 1107.000320 621.000000 1040.000000 616.000320 R0804 0
967.000320 616.000320 1007.000320 595.000080 1039.000320 655.999920 999.000320 677.000160 R0804 0
997.999360 522.000000 1034.000640 552.000240 992.000000 604.000080 956.000000 573.999840 R0804 0
907.000320 489.000240 952.999680 446.999760 983.000320 481.000320 936.999680 522.000000 R0804 0
844.999680 484.999920 896.999680 437.999760 928.000000 471.000240 875.000320 517.999680 R0804 0
843.000320 585.000000 880.000000 560.000160 916.000000 616.000320 879.000320 640.000080 R0804 0
790.000640 519.999840 830.000640 499.999680 862.000640 563.999760 822.000640 583.999920 R0804 0
755.000320 510.999840 796.000000 531.000000 764.999680 594.000000 724.000000 573.999840 R0804 0
782.000640 612.000000 837.999360 587.000160 856.999680 628.999920 800.999680 653.999760 R0804 0
668.000000 508.000320 737.999360 527.999760 724.999680 573.999840 655.000320 553.999680 R0804 0
624.999680 537.999840 688.000000 565.999920 671.000320 606.000240 607.000320 579.000240 R0804 0
584.999680 573.999840 628.000000 588.000240 606.000640 652.999680 563.000320 639.000000 R0804 0
520.000000 501.999840 580.000000 536.999760 556.999680 576.000000 496.999680 541.000080 R0804 0
891.000320 637.999920 924.000000 608.999760 968.999680 661.999680 936.000000 689.999760 R0804 0
942.000640 526.999680 972.999680 554.999760 928.999680 604.000080 897.999360 576.000000 R0603 0
