266.000640 706.000320 298.000640 702.000000 300.000000 715.999680 268.000000 720.000000 R0402 0
204.000000 643.999680 224.000000 645.999840 220.000000 680.999760 200.999680 679.000320 R0402 0
393.999360 651.000240 426.000640 628.999920 437.999360 644.999760 404.999680 668.000160 R0402 0
715.000320 706.000320 742.000640 679.999680 757.999360 696.000240 731.000320 722.000160 R0402 0
777.999360 657.000000 811.000320 631.000080 827.000320 650.000160 794.000640 677.000160 R0402 0
840.999680 562.999680 870.000640 544.000320 880.999680 560.000160 852.000000 579.000240 R0402 0
665.999360 477.000000 684.999680 482.999760 674.000640 518.999760 655.000320 513.000000 R0402 0
443.000320 397.000080 482.000640 400.000320 480.999680 418.000320 442.000640 414.000000 R0402 0
284.999680 375.999840 319.000320 375.999840 319.000320 394.999920 284.999680 394.999920 R0402 0
196.000000 365.999760 213.999360 374.999760 198.000640 406.000080 180.000000 397.000080 R0402 0
835.000320 256.999680 868.000000 253.000080 870.000640 272.000160 837.999360 275.999760 R0402 0
917.999360 171.000000 937.999360 165.000240 948.000000 200.000160 927.000320 205.999920 R0402 0
176.000000 187.999920 208.999680 193.000320 207.000320 212.999760 172.999680 209.000160 R0402 0
176.999680 211.000320 215.000320 205.999920 218.000640 229.000320 180.999680 234.000000 R0402 0
689.999360 348.999840 720.000000 344.000160 729.999360 398.000160 700.000000 402.999840 R0603 0
620.000000 158.999760 647.000320 175.999680 617.999360 222.999840 590.000640 205.999920 R0603 0
640.000000 86.999760 685.999360 117.000000 668.999680 141.999840 623.000320 112.999680 R0603 0
227.000320 579.000240 255.000320 589.000320 236.000000 640.000080 208.000000 628.999920 R0603 0
952.999680 168.999840 1020.000000 156.000240 1028.999680 202.000320 963.000320 216.000000 R0804 0
592.999680 418.000320 636.999680 420.999840 632.999680 492.999840 588.000000 490.000320 R0804 0
563.000320 535.000320 612.999680 583.999920 582.000640 616.999680 532.000000 568.000080 R0804 0
448.000000 582.999840 492.000000 595.000080 473.999360 661.999680 430.000640 650.000160 R0804 0
318.000640 157.999680 383.000320 176.999760 369.999360 220.999680 304.999680 202.000320 R0804 0
404.999680 96.999840 436.999680 128.000160 388.000000 177.999840 356.000000 147.000240 R0804 0
603.000320 258.999840 644.000000 274.000320 622.000640 339.999840 580.000000 326.000160 R0804 0
499.000320 211.000320 536.999680 187.999920 572.999680 247.999680 536.000000 271.000080 R0804 0
464.000000 122.999760 526.000640 150.999840 508.000000 191.000160 446.000640 163.000080 R0804 0
351.000320 320.999760 417.999360 330.999840 411.000320 373.999680 344.000000 364.000320 R0804 0
209.999360 282.000240 251.000320 267.999840 272.999680 333.000000 232.000000 346.999680 R0804 0
209.999360 193.000320 252.999680 180.000000 272.999680 246.000240 230.000640 258.999840 R0804 0
178.000640 138.000240 213.999360 113.999760 251.000320 169.999920 216.000000 193.999680 R0804 0
184.000000 61.999920 251.000320 50.999760 258.000640 93.000240 190.000640 103.999680 R0804 0
595.000320 650.000160 663.000320 640.000080 670.000640 687.000240 602.000640 697.000320 R0804 0
404.000000 456.999840 436.000000 427.000320 483.000320 477.000000 452.000000 507.000240 R0804 0
