1025.999360 177.999840 1057.999360 169.999920 1063.000320 187.999920 1030.000640 195.999840 R0402 0
500.999680 39.000240 520.999680 30.000240 532.000000 59.999760 511.000320 67.000320 R0402 0
680.999680 70.999920 716.000000 66.000240 719.000320 85.000320 684.000000 91.000080 R0402 0
416.999680 310.000320 439.000320 301.999680 451.000320 337.000320 428.000000 344.000160 R0402 0
613.999360 514.000080 647.000320 507.000240 651.000320 526.999680 617.999360 534.000240 R0402 0
1048.999680 381.000240 1068.999680 381.000240 1068.999680 416.000160 1048.999680 416.000160 R0402 0
1003.000320 328.999680 1036.999680 337.000320 1032.000000 357.999840 997.999360 348.999840 R0402 0
1119.000320 490.999680 1144.999680 499.000320 1132.999680 535.000320 1107.000320 526.999680 R0402 0
816.999680 581.999760 836.999680 589.999680 822.000640 625.000320 802.000640 616.000320 R0402 0
782.000640 631.000080 816.999680 626.999760 819.000320 646.999920 784.000000 650.000160 R0402 0
748.000000 667.000080 764.000000 670.000320 756.999680 708.999840 740.999680 706.000320 R0402 0
832.999680 680.999760 863.000320 693.000000 856.999680 712.000080 825.999360 699.999840 R0402 0
828.000000 698.999760 860.000000 698.999760 860.000000 718.999920 828.000000 718.999920 R0402 0
959.000320 144.000000 990.000640 144.000000 990.000640 196.999920 959.000320 196.999920 R0603 0
832.999680 316.000080 888.000000 311.999760 889.999360 343.000080 835.000320 346.999680 R0603 0
892.000000 394.999920 945.999360 405.000000 939.000320 437.999760 885.999360 427.999680 R0603 0
599.000320 136.000080 649.999360 129.000240 654.000640 158.999760 602.000640 165.000240 R0603 0
252.999680 201.000240 298.000640 230.999760 280.000000 257.999760 233.999360 228.000240 R0603 0
208.999680 95.999760 272.000000 106.999920 264.999680 148.999680 201.999360 138.000240 R0804 0
204.999680 366.999840 260.000000 328.999680 286.000640 365.999760 230.000640 403.999920 R0804 0
249.999360 661.000320 303.000320 616.000320 332.000000 652.000320 279.000320 696.000240 R0804 0
415.000320 454.000320 455.000320 433.000080 487.000320 496.000080 447.000320 517.000320 R0804 0
556.000000 442.000080 620.999680 415.000080 640.000000 456.999840 575.000320 484.999920 R0804 0
649.999360 262.000080 695.000320 254.000160 708.000000 324.000000 663.000320 331.999920 R0804 0
684.999680 446.999760 728.000000 433.000080 750.000640 499.999680 708.000000 514.000080 R0804 0
840.999680 640.000080 912.000000 636.999840 915.000320 682.999920 844.000000 686.000160 R0804 0
1129.999360 603.000000 1171.000320 621.000000 1144.000000 684.000000 1103.000320 664.999920 R0804 0
586.000640 79.999920 652.999680 76.000320 656.000000 121.999680 588.999680 126.000000 R0804 0
502.000640 288.000000 562.000640 324.000000 537.999360 363.000240 479.000320 328.000320 R0804 0
517.999360 369.000000 563.000320 364.000320 571.000320 433.000080 526.000640 437.999760 R0804 0
400.000000 164.000160 440.000000 147.000240 467.000320 210.000240 428.000000 227.000160 R0804 0
440.000000 288.000000 495.000320 239.999760 523.000320 274.000320 468.000000 321.999840 R0804 0
548.000000 226.000080 616.999680 220.999680 620.000000 265.000320 551.000320 270.000000 R0804 0
599.000320 190.000080 636.000000 158.999760 680.999680 211.999680 644.999680 243.000000 R0804 0
