628.999680 353.000160 655.000320 376.999920 640.999680 391.999680 615.000320 367.999920 R0402 0
508.999680 293.999760 524.000000 280.000080 550.000640 309.000240 535.000320 322.999920 R0402 0
390.000640 338.999760 404.999680 349.999920 384.000000 379.000080 368.999680 366.999840 R0402 0
301.999360 385.999920 332.000000 379.000080 336.999680 398.000160 306.000640 403.999920 R0402 0
432.000000 459.000000 464.999680 459.000000 464.999680 478.000080 432.000000 478.000080 R0402 0
511.000320 509.999760 536.999680 484.999920 551.000320 499.000320 524.999680 524.000160 R0402 0
767.000320 543.000240 800.999680 532.000080 807.000320 550.000080 772.999680 561.000240 R0402 0
807.000320 499.000320 828.000000 502.999920 820.999680 535.999680 800.999680 532.000080 R0402 0
392.999680 649.000080 411.000320 640.000080 426.000640 671.999760 408.000000 680.999760 R0402 0
584.000000 700.999920 616.000000 700.999920 616.000000 718.999920 584.000000 718.999920 R0402 0
747.000320 671.999760 777.999360 652.999680 788.000000 670.999680 756.999680 688.999680 R0402 0
889.999360 675.000000 920.999680 659.000160 931.000320 677.000160 899.000320 693.000000 R0402 0
736.999680 362.000160 767.000320 361.000080 768.999680 414.000000 737.999360 415.000080 R0603 0
584.999680 425.000160 633.999360 398.000160 648.999680 425.000160 600.000000 452.000160 R0603 0
512.999680 436.000320 568.999680 436.000320 568.999680 468.000000 512.999680 468.000000 R0603 0
519.000320 371.000160 548.999680 363.000240 564.000000 415.000080 533.999360 423.000000 R0603 0
473.999360 356.999760 495.000320 356.999760 495.000320 391.999680 473.999360 391.999680 R0402 0
493.999360 349.999920 515.000320 349.999920 515.000320 385.999920 493.999360 385.999920 R0402 0
477.999360 306.000000 497.999360 286.999920 533.999360 326.000160 515.000320 345.000240 R0603 0
488.999680 135.000000 543.000320 135.000000 543.000320 166.999680 488.999680 166.999680 R0603 0
298.000640 478.000080 328.000000 478.000080 328.000000 532.000080 298.000640 532.000080 R0603 0
1116.999680 75.000240 1160.000000 65.000160 1176.000000 131.999760 1132.999680 141.999840 R0804 0
1127.000320 364.999680 1169.999360 366.999840 1168.000000 435.000240 1124.999680 434.000160 R0804 0
1095.000320 481.999680 1165.999360 480.000240 1167.000320 524.000160 1096.000000 526.000320 R0804 0
476.000000 562.000320 543.000320 580.000320 532.000000 622.000080 464.999680 605.000160 R0804 0
322.000640 596.000160 353.999360 564.999840 403.000320 614.000160 371.000320 644.999760 R0804 0
356.999680 454.000320 426.000640 468.000000 416.999680 510.999840 348.000000 498.000240 R0804 0
335.000320 515.000160 403.000320 529.999920 393.999360 573.999840 324.999680 560.000160 R0804 0
440.999680 499.000320 508.999680 490.000320 515.000320 534.000240 447.000320 543.000240 R0804 0
384.999680 400.000320 452.999680 394.999920 456.000000 438.999840 388.000000 444.000240 R0804 0
402.000640 352.000080 472.000000 346.999680 475.000320 392.999760 404.999680 398.000160 R0804 0
368.000000 241.999920 430.000640 273.000240 408.999680 315.000000 346.000640 283.999680 R0804 0
276.000000 327.000240 315.000320 301.999680 352.999680 360.000000 315.000320 384.999840 R0804 0
413.999360 318.000240 466.000640 318.000240 466.000640 347.999760 413.999360 347.999760 R0603 0
233.999360 336.000240 272.000000 313.999920 307.000320 373.999680 268.999680 396.000000 R0804 0
196.000000 402.999840 228.000000 372.000240 276.000000 419.999760 244.000000 451.000080 R0804 0
223.000320 142.999920 292.000000 131.999760 299.000320 175.000320 230.000640 186.999840 R0804 0
248.999680 86.999760 316.000000 79.999920 320.999680 128.000160 255.000320 136.000080 R0804 0
