1157.999360 40.000320 1177.999360 40.000320 1177.999360 69.999840 1157.999360 69.999840 R0402 0
994.000640 28.000080 1014.000640 25.999920 1016.000000 60.999840 996.999680 63.000000 R0402 0
887.000320 34.999920 920.999680 28.000080 925.999360 49.000320 891.000320 56.000160 R0402 0
743.000320 194.999760 764.000000 205.999920 748.000000 238.000320 727.000320 227.000160 R0402 0
472.999680 390.000240 499.000320 409.999680 487.000320 425.000160 460.999680 405.000000 R0402 0
463.000320 435.000240 479.000320 420.999840 503.000320 448.999920 486.000640 463.000320 R0402 0
582.000640 432.000000 597.999360 447.999840 572.999680 473.999760 556.000000 459.000000 R0402 0
803.000320 501.999840 823.000320 505.000080 816.999680 538.999920 796.999680 535.999680 R0402 0
216.000000 601.999920 248.999680 592.999920 253.999360 610.999920 220.000000 619.999920 R0402 0
407.000320 213.999840 433.999360 205.999920 449.999360 256.999680 422.000640 265.999680 R0603 0
475.000320 490.000320 528.999680 483.999840 532.000000 514.000080 479.000320 519.999840 R0603 0
727.000320 459.000000 752.000000 438.999840 788.000000 481.999680 762.000640 502.999920 R0603 0
542.000640 373.000320 572.000000 369.000000 580.000000 424.000080 550.000640 427.999680 R0603 0
808.000000 121.000320 852.000000 135.000000 831.000320 202.000320 787.000320 187.999920 R0804 0
796.000000 266.999760 867.000320 266.999760 867.000320 311.999760 796.000000 311.999760 R0804 0
542.000640 220.999680 586.000640 213.999840 596.999680 283.999680 552.999680 291.000240 R0804 0
573.999360 367.999920 611.000320 343.000080 651.000320 400.000320 615.000320 426.000240 R0804 0
583.000320 533.000160 633.999360 486.000000 665.999360 519.999840 615.000320 568.000080 R0804 0
756.000000 586.000080 812.999680 625.999680 787.000320 662.999760 729.999360 623.000160 R0804 0
