464.999680 229.999680 484.000000 235.000080 475.000320 268.999920 456.000000 264.000240 R0402 0
760.999680 634.000320 785.999360 609.999840 802.000640 625.999680 776.999680 650.000160 R0402 0
1035.000320 550.000080 1068.000000 541.000080 1074.000640 561.000240 1040.999680 570.000240 R0402 0
711.000320 669.000240 742.000640 688.000320 729.999360 706.999680 700.000000 688.000320 R0402 0
550.000640 671.999760 584.000000 662.999760 588.999680 684.000000 555.000320 693.000000 R0402 0
152.999680 667.000080 184.000000 667.000080 184.000000 686.000160 152.999680 686.000160 R0402 0
152.000000 549.000000 184.000000 552.000240 183.000320 571.000320 150.000640 568.000080 R0402 0
150.000640 529.999920 184.000000 535.000320 181.999360 553.000320 148.000000 547.999920 R0402 0
910.000640 257.999760 936.999680 266.999760 932.999680 283.000320 904.999680 274.999680 R0402 0
675.000320 415.000080 708.999680 424.000080 704.000000 445.000320 670.000640 436.000320 R0402 0
752.000000 70.999920 775.000320 92.000160 739.000320 130.999680 716.999680 110.000160 R0603 0
722.000640 135.000000 772.000000 147.000240 764.999680 177.999840 714.000640 165.000240 R0603 0
675.000320 370.000080 724.999680 398.000160 708.999680 424.000080 660.999680 397.000080 R0603 0
767.000320 684.000000 808.999680 652.999680 828.000000 678.000240 785.999360 708.999840 R0603 0
1052.999680 160.999920 1084.000000 157.999680 1088.999680 211.999680 1057.999360 214.999920 R0603 0
1056.000000 96.999840 1124.999680 103.000320 1120.999680 148.000320 1052.000000 141.999840 R0804 0
864.999680 241.999920 908.000000 257.999760 884.999680 324.000000 840.999680 308.000160 R0804 0
895.000320 537.999840 959.000320 562.000320 942.000640 605.000160 879.000320 580.999680 R0804 0
720.999680 568.000080 759.000320 542.000160 799.000320 600.999840 760.999680 626.999760 R0804 0
639.000320 586.000080 696.000000 544.000320 723.000320 580.000320 667.000320 623.000160 R0804 0
468.999680 291.000240 526.000640 330.999840 497.999360 371.000160 440.999680 329.999760 R0804 0
364.000000 247.999680 415.000320 202.000320 447.000320 237.000240 395.000320 283.000320 R0804 0
152.999680 618.999840 218.000640 608.999760 224.999680 653.999760 160.000000 663.999840 R0804 0
228.000000 617.999760 272.000000 613.000080 279.000320 685.000080 235.000320 688.999680 R0804 0
148.000000 572.999760 215.000320 564.999840 220.999680 609.999840 154.000640 617.999760 R0804 0
161.999360 462.000240 204.000000 470.000160 190.000640 537.999840 148.000000 528.999840 R0804 0
288.999680 646.999920 353.999360 643.999680 356.000000 687.000240 291.000320 689.999760 R0804 0
271.000320 32.999760 332.000000 61.999920 312.000000 103.000320 251.000320 74.000160 R0804 0
677.999360 32.999760 740.999680 65.000160 720.000000 105.999840 656.999680 74.000160 R0804 0
776.999680 168.999840 816.000000 187.999920 785.999360 249.999840 747.000320 231.999840 R0804 0
802.000640 247.999680 845.999360 254.000160 836.000000 321.999840 792.000000 315.000000 R0804 0
980.999680 277.999920 1012.000000 283.000320 1004.000000 337.999680 972.999680 333.000000 R0603 0
