635.000320 22.000320 672.000000 23.999760 671.000320 47.000160 633.999360 45.000000 R0402 0
611.000320 606.000240 639.000320 628.999920 624.999680 644.999760 596.999680 623.000160 R0402 0
442.000640 610.999920 468.999680 631.000080 457.999360 645.999840 431.000320 625.999680 R0402 0
408.000000 668.000160 442.000640 668.000160 442.000640 687.000240 408.000000 687.000240 R0402 0
340.999680 670.999680 356.000000 657.000000 380.999680 681.999840 366.000640 696.000240 R0402 0
315.000320 667.000080 328.999680 654.999840 352.999680 682.999920 339.000320 695.000160 R0402 0
155.000320 546.999840 184.999680 571.000320 172.000000 588.000240 141.999360 563.999760 R0402 0
144.999680 526.000320 180.999680 526.000320 180.999680 546.999840 144.999680 546.999840 R0402 0
180.000000 542.000160 213.999360 542.000160 213.999360 561.000240 180.000000 561.000240 R0402 0
575.000320 0.000000 623.000320 0.000000 623.000320 27.000000 575.000320 27.000000 R0603 0
655.000320 169.999920 680.000000 190.000080 645.999360 234.000000 620.999680 213.999840 R0603 0
809.999360 220.000320 856.000000 187.999920 874.000640 213.999840 828.999680 246.000240 R0603 0
895.000320 382.999680 945.999360 402.999840 935.000320 430.999920 884.000000 410.999760 R0603 0
255.000320 436.000320 299.000320 402.999840 318.000640 428.999760 272.999680 461.000160 R0603 0
199.000320 646.999920 249.999360 646.999920 249.999360 679.999680 199.000320 679.999680 R0603 0
288.999680 672.999840 324.000000 672.999840 324.000000 694.000080 288.999680 694.000080 R0402 0
600.999680 418.999680 645.999360 417.000240 648.999680 490.000320 604.999680 491.999760 R0804 0
729.999360 18.000000 763.000320 49.999680 712.000000 101.000160 679.000320 68.999760 R0804 0
512.999680 616.000320 564.999680 663.999840 535.000320 697.000320 482.000640 650.000160 R0804 0
399.000320 526.999680 443.000320 528.999840 439.000320 598.000320 396.000000 596.000160 R0804 0
508.000000 544.000320 544.999680 571.999680 502.000640 627.999840 466.000640 599.999760 R0804 0
322.000640 617.999760 356.999680 589.000320 402.000640 643.000320 367.000320 671.999760 R0804 0
280.999680 520.999920 324.999680 514.000080 336.999680 582.999840 292.999680 589.999680 R0804 0
264.000000 605.000160 303.000320 588.000240 332.999680 652.999680 293.999360 670.999680 R0804 0
186.000640 605.000160 249.999360 605.000160 249.999360 650.000160 186.000640 650.000160 R0804 0
192.000000 562.000320 259.000320 563.999760 256.999680 606.000240 190.000640 604.000080 R0804 0
216.000000 517.999680 281.999360 517.999680 281.999360 562.000320 216.000000 562.000320 R0804 0
239.000320 472.999680 307.000320 469.000080 310.000640 514.000080 241.999360 517.999680 R0804 0
332.000000 499.999680 393.999360 472.000320 412.999680 513.000000 351.000320 542.000160 R0804 0
326.000640 447.999840 388.000000 418.000320 408.999680 459.000000 346.000640 490.000320 R0804 0
