201.999360 414.000000 220.000000 427.000320 196.999680 456.999840 180.000000 443.000160 R0402 0
260.000000 581.999760 286.000640 605.000160 273.999360 618.999840 248.000000 596.000160 R0402 0
422.000640 627.999840 457.999360 630.000000 456.999680 651.000240 420.999680 649.000080 R0402 0
384.000000 603.000000 412.000000 578.000160 426.000640 594.000000 397.999360 618.999840 R0402 0
587.000320 445.999680 606.000640 452.000160 595.000320 487.000080 576.000000 480.000240 R0402 0
532.000000 429.999840 552.000000 418.000320 569.999360 448.999920 551.000320 461.000160 R0402 0
482.000640 387.000000 502.000640 382.000320 510.000640 417.000240 491.000320 421.999920 R0402 0
597.999360 426.000240 626.000640 402.999840 639.000320 418.999680 611.000320 442.000080 R0402 0
392.999680 230.999760 428.000000 229.999680 428.999680 247.999680 393.999360 249.999840 R0402 0
251.000320 321.999840 279.000320 306.000000 288.000000 321.999840 260.999680 337.999680 R0402 0
215.000320 345.000240 247.000320 328.000320 256.000000 345.000240 224.000000 362.000160 R0402 0
752.000000 397.000080 788.000000 393.999840 790.000640 414.000000 752.999680 417.000240 R0402 0
613.999360 0.000000 637.999360 0.000000 637.999360 31.000320 613.999360 31.000320 R0402 0
950.000640 157.999680 980.000000 149.999760 992.999680 202.000320 964.000000 210.000240 R0603 0
729.999360 556.999920 782.000640 574.999920 772.000000 604.000080 720.999680 586.000080 R0603 0
280.000000 534.000240 332.000000 516.000240 342.000640 544.999680 289.999360 562.999680 R0603 0
912.999680 7.999920 965.999360 7.999920 965.999360 37.000080 912.999680 37.000080 R0603 0
980.000000 39.000240 1008.999680 25.999920 1031.000320 76.000320 1003.000320 88.999920 R0603 0
725.999360 6.999840 756.999680 14.999760 742.000640 69.999840 711.000320 61.999920 R0603 0
1151.000320 23.999760 1180.999680 19.000080 1191.000320 76.999680 1160.999680 82.000080 R0603 0
1145.999360 364.999680 1192.000000 367.999920 1188.000000 436.999680 1142.000640 435.000240 R0804 0
834.000640 321.999840 871.000320 351.000000 828.000000 406.000080 791.000320 376.999920 R0804 0
727.000320 331.999920 795.000320 316.000080 805.999360 360.000000 736.999680 376.999920 R0804 0
731.000320 237.000240 775.000320 239.999760 769.999360 310.000320 725.999360 307.000080 R0804 0
593.999360 298.000080 633.999360 317.000160 603.000320 382.000320 563.000320 363.000240 R0804 0
506.000640 227.000160 539.000320 193.999680 587.000320 244.000080 553.999360 275.999760 R0804 0
531.000320 302.999760 575.000320 312.999840 557.999360 382.000320 513.999360 372.000240 R0804 0
636.999680 147.000240 676.000000 127.000080 707.000320 189.000000 668.000000 209.000160 R0804 0
755.000320 156.000240 799.000320 142.999920 819.000320 210.000240 775.000320 222.999840 R0804 0
785.999360 95.999760 828.999680 83.000160 848.000000 148.000320 805.999360 160.999920 R0804 0
719.000320 84.000240 775.000320 45.000000 800.000000 82.000080 744.000000 120.000240 R0804 0
703.000320 131.999760 747.000320 120.000240 764.000000 189.000000 720.000000 200.000160 R0804 0
710.000640 191.000160 745.999360 220.000320 700.999680 274.999680 665.999360 246.000240 R0804 0
1044.999680 14.999760 1108.999680 16.999920 1108.000000 61.999920 1043.000320 59.999760 R0804 0
