944.000000 383.999760 964.000000 385.999920 960.999680 419.999760 940.999680 418.000320 R0402 0
520.000000 465.999840 536.000000 474.999840 517.999360 506.000160 500.999680 497.000160 R0402 0
480.999680 249.999840 512.999680 268.999920 500.999680 289.000080 468.999680 270.000000 R0402 0
1077.999360 228.000240 1111.000320 238.999680 1104.000000 258.999840 1071.000320 247.999680 R0402 0
1094.000640 366.999840 1110.000640 379.000080 1088.000000 409.000320 1071.000320 396.000000 R0402 0
1074.000640 501.999840 1095.000320 495.000000 1105.999360 529.999920 1084.999680 535.999680 R0402 0
560.999680 31.999680 611.000320 46.000080 603.000320 75.000240 552.999680 59.999760 R0603 0
612.000000 88.999920 642.000640 81.000000 656.000000 131.999760 626.000640 139.999680 R0603 0
824.000000 184.999680 856.999680 189.000000 848.999680 243.000000 816.999680 238.000320 R0603 0
694.000640 545.999760 716.000000 526.000320 752.000000 565.999920 728.999680 586.000080 R0603 0
856.999680 555.999840 882.000640 537.999840 912.000000 580.999680 887.000320 598.999680 R0603 0
388.000000 67.999680 440.999680 65.000160 443.000320 94.999680 390.000640 97.999920 R0603 0
280.000000 475.999920 296.999680 488.000160 275.000320 517.000320 259.000320 505.000080 R0402 0
1011.000320 389.000160 1051.000320 366.999840 1084.999680 429.999840 1044.000000 451.000080 R0804 0
991.000320 446.999760 1032.000000 466.999920 1000.999680 529.999920 960.000000 509.999760 R0804 0
1028.000000 496.000080 1072.999680 490.999680 1080.999680 561.000240 1036.000000 565.999920 R0804 0
1092.999680 482.999760 1148.000000 438.999840 1176.999680 473.999760 1120.999680 518.999760 R0804 0
1112.000000 403.999920 1180.999680 390.000240 1190.000640 436.999680 1120.999680 450.000000 R0804 0
548.000000 186.999840 616.999680 177.999840 622.000640 221.999760 552.999680 230.999760 R0804 0
807.000320 324.000000 840.999680 352.000080 795.000320 405.000000 762.000640 376.999920 R0804 0
772.999680 495.000000 840.000000 469.000080 856.999680 514.000080 788.999680 537.999840 R0804 0
656.000000 559.000080 700.999680 552.000240 712.999680 622.000080 668.000000 630.000000 R0804 0
390.000640 527.999760 432.000000 543.000240 408.000000 608.999760 366.000640 594.000000 R0804 0
218.000640 488.000160 283.000320 513.000000 266.000640 556.999920 200.999680 532.000080 R0804 0
169.999360 455.999760 215.000320 461.000160 206.000640 529.999920 160.999680 524.000160 R0804 0
504.000000 302.999760 572.999680 302.999760 572.999680 347.999760 504.000000 347.999760 R0804 0
195.000320 209.000160 267.000320 205.999920 268.999680 248.999760 196.999680 252.000000 R0804 0
259.000320 108.000000 327.000320 113.999760 323.000320 159.999840 255.000320 155.000160 R0804 0
346.000640 310.999680 382.000640 337.999680 337.999360 394.999920 303.000320 366.999840 R0804 0
495.000320 64.000080 562.000640 64.000080 562.000640 108.000000 495.000320 108.000000 R0804 0
4.999680 64.000080 32.999680 70.999920 28.000000 87.999840 0.000000 81.000000 R0402 0
