1108.999680 63.000000 1139.000320 83.000160 1127.000320 101.000160 1096.999680 81.000000 R0402 0
1134.000640 302.999760 1155.000320 299.000160 1162.000640 334.000080 1140.000000 337.999680 R0402 0
1132.000000 430.999920 1152.999680 438.999840 1140.000000 472.000320 1119.000320 463.999680 R0402 0
834.000640 380.000160 868.999680 373.000320 872.999680 392.999760 837.999360 400.000320 R0402 0
860.999680 336.000240 880.999680 338.999760 876.000000 375.999840 855.000320 373.000320 R0402 0
817.999360 47.000160 849.999360 61.999920 842.000640 79.999920 809.999360 65.000160 R0402 0
152.999680 480.000240 172.999680 484.999920 164.999680 516.000240 144.999680 510.999840 R0402 0
368.000000 196.999920 396.999680 185.999760 402.000640 202.000320 372.999680 211.999680 R0402 0
352.999680 40.999680 380.000000 68.999760 366.000640 84.000240 337.999360 56.000160 R0402 0
1114.000640 351.000000 1144.000000 344.000160 1156.000000 396.000000 1125.999360 402.999840 R0603 0
811.000320 85.999680 840.000000 97.999920 820.000000 148.000320 791.000320 137.000160 R0603 0
674.000640 191.000160 728.000000 198.000000 724.000000 229.000320 670.000640 222.999840 R0603 0
316.999680 353.000160 348.000000 346.000320 360.999680 400.000320 329.999360 407.000160 R0603 0
148.000000 563.999760 200.000000 571.999680 196.000000 599.999760 144.000000 592.999920 R0603 0
928.999680 635.999760 969.999360 670.000320 948.999680 696.000240 907.000320 661.999680 R0603 0
1110.000640 138.000240 1175.000320 156.000240 1162.000640 202.000320 1096.000000 183.000240 R0804 0
900.999680 144.000000 944.999680 156.000240 927.000320 223.999920 883.000320 211.999680 R0804 0
635.000320 365.999760 671.000320 334.000080 716.999680 387.000000 680.999680 418.999680 R0804 0
757.999360 373.000320 808.000000 324.000000 839.000320 355.999680 788.999680 403.999920 R0804 0
839.000320 452.000160 908.000000 446.999760 911.000320 491.999760 843.000320 497.000160 R0804 0
812.999680 549.000000 870.000640 509.999760 896.999680 549.000000 840.000000 588.000240 R0804 0
899.000320 555.999840 936.999680 533.000160 972.000000 590.999760 934.000640 614.000160 R0804 0
420.000000 418.999680 484.000000 390.000240 503.000320 433.000080 440.000000 462.000240 R0804 0
233.999360 541.000080 293.999360 574.999920 272.999680 613.000080 212.999680 580.000320 R0804 0
161.999360 513.000000 223.000320 481.999680 244.000000 523.000080 181.999360 553.999680 R0804 0
415.000320 264.000240 484.000000 270.000000 480.999680 318.000240 411.000320 312.999840 R0804 0
544.999680 75.000240 615.000320 81.000000 611.000320 126.000000 540.999680 119.000160 R0804 0
617.999360 164.000160 680.000000 132.999840 700.999680 174.000240 639.000320 204.999840 R0804 0
657.999360 58.000320 691.000320 30.000240 735.000320 81.000000 700.999680 109.000080 R0804 0
564.999680 0.000000 608.000000 0.000000 608.000000 67.999680 564.999680 67.999680 R0804 0
472.999680 15.999840 542.000640 13.000320 543.000320 55.000080 475.000320 58.000320 R0804 0
409.999360 186.999840 475.000320 203.999760 464.000000 246.000240 399.000320 229.000320 R0804 0
1112.000000 212.999760 1147.000320 247.000320 1099.000320 298.000080 1064.000000 264.000240 R0804 0
