238.000640 12.000240 301.999360 15.999840 300.000000 58.000320 236.000000 55.000080 R0804 0
207.000320 49.999680 248.999680 58.000320 235.000320 128.000160 192.999680 119.000160 R0804 0
436.999680 105.999840 480.000000 110.000160 472.999680 177.999840 430.000640 174.000240 R0804 0
453.999360 63.000000 523.000320 67.999680 520.000000 112.999680 449.999360 108.000000 R0804 0
328.999680 240.999840 387.000320 281.000160 360.000000 319.999680 301.999360 280.000080 R0804 0
403.000320 383.999760 446.000640 398.000160 424.000000 464.999760 380.999680 451.000080 R0804 0
551.000320 139.000320 620.999680 136.000080 623.000320 182.000160 552.999680 184.999680 R0804 0
768.999680 307.000080 828.999680 267.999840 852.999680 304.999920 792.000000 344.000160 R0804 0
1036.999680 217.000080 1100.999680 245.000160 1082.000640 288.000000 1017.999360 258.999840 R0804 0
1128.999680 472.999680 1172.999680 468.000000 1180.999680 536.999760 1136.999680 542.000160 R0804 0
1048.000000 499.000320 1092.999680 508.000320 1077.999360 578.000160 1034.000640 568.000080 R0804 0
1024.000000 671.999760 1079.000320 631.000080 1107.000320 669.000240 1052.000000 709.999920 R0804 0
987.000320 445.999680 1016.999680 436.999680 1032.000000 488.000160 1002.000640 497.000160 R0603 0
1147.000320 336.000240 1177.999360 344.000160 1164.999680 394.999920 1134.000640 388.000080 R0603 0
528.999680 328.999680 582.000640 310.999680 592.999680 339.999840 540.000000 358.999920 R0603 0
300.999680 626.999760 331.000320 639.000000 310.000640 690.999840 280.000000 679.000320 R0603 0
876.999680 238.999680 896.999680 239.999760 895.000320 274.999680 876.000000 274.000320 R0402 0
848.000000 307.000080 884.000000 322.999920 876.999680 340.999920 840.000000 325.000080 R0402 0
724.999680 249.999840 752.000000 225.000000 767.000320 240.999840 740.000000 265.999680 R0402 0
312.000000 337.999680 328.999680 351.000000 307.000320 381.000240 289.999360 367.999920 R0402 0
916.000000 599.999760 948.000000 607.999680 943.000320 625.999680 911.000320 617.999760 R0402 0
