70.000640 481.999680 88.999680 479.000160 94.000640 513.000000 76.000000 516.000240 R0402 0
340.999680 414.000000 372.000000 428.999760 363.000320 447.999840 331.000320 433.000080 R0402 0
168.999680 172.000080 201.999360 172.000080 201.999360 191.000160 168.999680 191.000160 R0402 0
244.000000 210.000240 264.999680 216.000000 255.000320 249.999840 235.000320 245.000160 R0402 0
537.999360 109.000080 572.999680 93.000240 582.000640 112.999680 548.000000 129.000240 R0402 0
247.000320 7.999920 280.999680 7.999920 280.999680 27.000000 247.000320 27.000000 R0402 0
940.000000 417.000240 1007.000320 428.999760 999.000320 472.999680 932.000000 461.000160 R0804 0
796.000000 453.000240 864.000000 456.999840 860.999680 501.999840 792.999680 498.000240 R0804 0
622.000640 382.000320 679.000320 421.999920 652.999680 457.999920 596.000000 418.000320 R0804 0
527.000320 396.000000 595.000320 419.999760 580.000000 463.000320 512.000000 438.999840 R0804 0
471.000320 382.999680 524.999680 338.999760 553.999360 373.000320 500.000000 418.000320 R0804 0
393.999360 355.999680 436.999680 343.000080 456.999680 409.999680 413.999360 423.000000 R0804 0
213.999360 553.000320 253.999360 571.999680 223.000320 634.999680 184.000000 616.000320 R0804 0
547.000320 276.999840 600.000000 321.999840 569.999360 355.999680 517.999360 310.999680 R0804 0
456.999680 238.999680 496.000000 263.000160 459.000320 321.999840 420.000000 298.000080 R0804 0
316.999680 309.000240 356.999680 285.999840 390.000640 343.000080 350.000640 365.999760 R0804 0
240.999680 300.000240 272.000000 268.999920 318.000640 317.000160 287.000320 346.999680 R0804 0
272.000000 229.000320 306.000640 202.000320 348.000000 256.000320 313.999360 282.000240 R0804 0
352.000000 157.000320 420.999680 169.999920 412.000000 217.000080 343.000320 202.999680 R0804 0
463.000320 165.000240 496.999680 193.000320 452.000000 247.999680 416.999680 219.000240 R0804 0
639.000320 311.999760 684.000000 304.999920 695.000320 373.999680 649.999360 382.000320 R0804 0
704.999680 311.999760 736.000000 318.000240 725.999360 373.000320 694.000640 366.999840 R0603 0
848.999680 400.000320 872.999680 381.000240 907.000320 424.000080 883.000320 443.000160 R0603 0
486.000640 149.999760 508.999680 128.000160 547.000320 166.000320 524.000000 187.999920 R0603 0
292.999680 112.999680 344.000000 104.999760 348.999680 132.999840 298.000640 140.999760 R0603 0
215.000320 194.999760 244.999680 202.999680 232.000000 256.999680 200.999680 248.999760 R0603 0
355.000320 252.000000 407.000320 246.000240 409.999360 276.999840 357.999360 283.000320 R0603 0
380.000000 21.000240 419.000320 34.999920 396.000000 100.000080 356.999680 85.999680 R0804 0
