178.000640 555.999840 195.000320 545.999760 213.999360 576.000000 196.000000 587.000160 R0402 0
192.999680 588.000240 226.000640 588.000240 226.000640 607.999680 192.999680 607.999680 R0402 0
26.000640 365.999760 59.000320 352.000080 67.000320 371.000160 32.999680 384.999840 R0402 0
739.000320 613.000080 792.999680 600.999840 800.000000 631.000080 745.999360 643.000320 R0603 0
879.000320 328.000320 920.000000 290.000160 940.999680 312.999840 900.000000 351.000000 R0603 0
888.999680 184.000320 932.000000 148.999680 952.000000 173.000160 908.000000 208.000080 R0603 0
497.999360 21.000240 524.999680 7.999920 548.999680 54.000000 522.000640 67.999680 R0603 0
980.000000 564.999840 1024.999680 560.000160 1032.000000 628.999920 987.000320 634.000320 R0804 0
964.999680 642.000240 1008.999680 633.000240 1024.000000 700.999920 980.000000 709.999920 R0804 0
597.999360 410.999760 660.000000 453.000240 635.000320 490.999680 572.999680 450.000000 R0804 0
536.999680 366.999840 604.999680 366.999840 604.999680 412.999920 536.999680 412.999920 R0804 0
652.000000 190.000080 696.000000 190.000080 696.000000 258.999840 652.000000 258.999840 R0804 0
419.000320 234.000000 488.000000 237.000240 486.000640 285.999840 416.999680 283.000320 R0804 0
371.000320 256.999680 416.000000 258.999840 412.000000 328.999680 367.000320 327.000240 R0804 0
423.000320 284.999760 483.000320 286.999920 480.999680 330.999840 420.999680 328.999680 R0804 0
226.000640 104.999760 267.000320 83.000160 299.000320 144.000000 258.000640 166.000320 R0804 0
196.000000 -1.000080 260.000000 2.000160 256.999680 46.000080 192.999680 41.999760 R0804 0
198.000640 393.999840 264.000000 415.000080 249.999360 460.000080 184.000000 438.999840 R0804 0
547.000320 412.999920 579.000320 443.000160 532.999680 493.999920 500.999680 463.999680 R0804 0
532.999680 504.000000 576.000000 498.000240 586.000640 565.999920 543.000320 571.999680 R0804 0
447.000320 475.999920 510.000640 511.999920 488.000000 551.000160 424.999680 515.000160 R0804 0
444.000000 417.000240 477.999360 448.999920 430.000640 499.000320 396.999680 466.999920 R0804 0
