156.999680 352.000080 180.000000 352.000080 180.000000 387.000000 156.999680 387.000000 R0402 0
260.000000 498.000240 276.000000 513.000000 251.000320 540.000000 235.000320 525.000240 R0402 0
547.000320 702.000000 576.999680 689.999760 584.999680 707.999760 555.000320 721.000080 R0402 0
712.999680 398.000160 728.000000 383.999760 751.000320 409.999680 736.000000 423.000000 R0402 0
1100.999680 325.000080 1123.000320 315.000000 1136.999680 347.999760 1115.000320 357.999840 R0402 0
1012.999680 202.000320 1032.999680 204.999840 1025.999360 239.999760 1005.999360 236.000160 R0402 0
1132.000000 580.000320 1156.000000 585.000000 1148.999680 621.000000 1124.999680 616.000320 R0402 0
400.000000 277.999920 432.000000 283.000320 428.999680 304.999920 396.999680 300.000240 R0402 0
333.999360 159.999840 360.000000 145.000080 387.000320 192.000240 360.999680 207.000000 R0603 0
336.999680 397.000080 384.999680 369.000000 400.999680 398.000160 353.999360 426.000240 R0603 0
644.999680 662.999760 672.999680 679.999680 644.999680 726.999840 616.999680 709.999920 R0603 0
855.000320 587.000160 880.999680 569.000160 911.000320 613.000080 884.999680 631.000080 R0603 0
940.000000 519.999840 963.000320 537.999840 928.999680 582.999840 905.999360 564.999840 R0603 0
832.000000 421.999920 859.000320 434.000160 836.999680 484.999920 808.999680 472.999680 R0603 0
910.000640 28.000080 960.999680 30.000240 960.000000 60.999840 908.999680 58.999680 R0603 0
1020.000000 261.000000 1056.999680 286.999920 1016.999680 342.000000 980.999680 316.000080 R0804 0
1004.999680 338.999760 1045.999360 360.000000 1015.000320 420.999840 974.000640 400.000320 R0804 0
920.000000 371.000160 980.000000 407.000160 956.999680 446.999760 896.999680 410.999760 R0804 0
884.999680 489.000240 924.000000 514.000080 887.000320 571.000320 848.999680 545.999760 R0804 0
679.000320 501.999840 742.000640 471.000240 763.000320 513.000000 700.000000 544.000320 R0804 0
772.999680 219.000240 816.999680 231.999840 796.000000 299.000160 752.999680 285.999840 R0804 0
852.999680 250.999920 916.999680 222.999840 936.000000 265.000320 871.000320 292.999680 R0804 0
883.000320 288.000000 948.000000 266.999760 960.999680 309.000240 896.000000 329.999760 R0804 0
900.999680 324.000000 965.999360 308.000160 977.999360 354.000240 912.999680 370.000080 R0804 0
680.000000 232.999920 732.000000 190.000080 760.000000 225.000000 707.000320 266.999760 R0804 0
508.000000 186.999840 577.999360 186.999840 577.999360 231.999840 508.000000 231.999840 R0804 0
482.000640 56.000160 536.999680 94.999680 512.000000 130.999680 456.999680 92.000160 R0804 0
439.000320 193.000320 504.999680 195.999840 502.000640 239.999760 436.999680 237.000240 R0804 0
439.000320 309.000240 480.999680 326.000160 455.000320 391.000320 412.999680 373.999680 R0804 0
395.000320 298.000080 435.000320 311.999760 412.000000 378.000000 372.000000 364.000320 R0804 0
376.000000 423.000000 412.000000 399.000240 452.000000 457.999920 415.000320 481.999680 R0804 0
552.000000 421.999920 620.999680 429.999840 616.000000 473.999760 547.000320 465.999840 R0804 0
944.999680 60.999840 1011.000320 49.999680 1019.000320 94.999680 952.999680 105.999840 R0804 0
