163.000320 4.999680 183.000320 2.000160 188.999680 36.000000 168.999680 40.000320 R0402 0
320.999680 160.999920 339.000320 151.999920 355.000320 184.000320 336.999680 193.000320 R0402 0
527.000320 123.999840 546.000640 124.999920 543.000320 160.999920 524.000000 159.999840 R0402 0
491.000320 199.000080 516.999680 220.999680 504.000000 237.000240 477.999360 213.999840 R0402 0
888.999680 141.999840 920.000000 151.999920 914.000640 171.000000 883.000320 159.999840 R0402 0
1088.000000 427.000320 1107.000320 434.000160 1096.000000 466.999920 1076.999680 461.000160 R0402 0
1005.999360 417.000240 1039.000320 417.000240 1039.000320 436.000320 1005.999360 436.000320 R0402 0
703.000320 270.000000 744.000000 270.000000 744.000000 290.000160 703.000320 290.000160 R0402 0
791.000320 624.000240 811.000320 623.000160 814.000640 658.000080 794.000640 660.000240 R0402 0
752.000000 338.999760 795.000320 302.999760 816.000000 328.999680 772.999680 364.000320 R0603 0
1017.999360 391.000320 1042.000640 372.000240 1077.999360 417.000240 1054.000640 436.000320 R0603 0
552.000000 400.999680 576.999680 383.999760 608.000000 430.999920 582.000640 447.999840 R0603 0
226.000640 272.000160 266.000640 238.999680 286.000640 264.000240 246.000640 297.000000 R0603 0
156.999680 285.999840 206.000640 306.000000 193.999360 335.000160 144.999680 313.999920 R0603 0
140.000000 385.999920 168.000000 385.999920 168.000000 438.999840 140.000000 438.999840 R0603 0
444.999680 670.999680 496.999680 676.000080 493.999360 706.999680 442.000640 702.000000 R0603 0
762.000640 180.000000 831.000320 176.999760 832.999680 221.999760 763.000320 225.000000 R0804 0
664.999680 216.000000 732.000000 196.999920 744.999680 241.999920 677.999360 262.000080 R0804 0
745.999360 255.000240 812.999680 255.000240 812.999680 299.000160 745.999360 299.000160 R0804 0
831.000320 275.999760 897.999360 290.000160 888.999680 335.000160 820.999680 320.999760 R0804 0
877.999360 343.000080 932.999680 387.000000 905.999360 420.999840 851.000320 378.000000 R0804 0
932.999680 381.000240 968.000000 348.999840 1019.000320 402.999840 984.000000 436.000320 R0804 0
788.999680 122.999760 859.000320 122.999760 859.000320 166.999680 788.999680 166.999680 R0804 0
716.999680 129.000240 787.000320 133.999920 783.000320 177.999840 714.000640 172.000080 R0804 0
609.999360 212.999760 660.999680 261.000000 630.000640 293.999760 579.000320 246.000240 R0804 0
548.000000 299.000160 590.000640 280.000080 619.000320 344.000160 576.999680 363.000240 R0804 0
483.000320 316.000080 553.999360 302.999760 562.000640 349.999920 492.000000 363.000240 R0804 0
480.999680 381.000240 520.000000 357.999840 556.000000 419.999760 516.999680 443.000160 R0804 0
319.000320 226.000080 387.000320 243.000000 375.000320 288.000000 308.000000 271.000080 R0804 0
431.000320 237.000240 499.000320 248.999760 491.000320 292.999680 424.000000 281.000160 R0804 0
635.000320 310.999680 702.000640 333.000000 688.000000 374.999760 620.999680 354.000240 R0804 0
720.000000 363.000240 762.000640 380.000160 735.000320 444.000240 692.999680 427.000320 R0804 0
784.000000 660.000240 851.000320 660.000240 851.000320 704.000160 784.000000 704.000160 R0804 0
176.000000 203.999760 216.999680 189.000000 240.000000 255.000240 200.000000 268.999920 R0804 0
