682.000640 288.000000 700.999680 286.999920 703.000320 319.999680 684.000000 320.999760 R0402 0
624.999680 529.999920 643.000320 538.999920 627.000320 571.000320 608.999680 562.000320 R0402 0
522.000640 586.000080 539.000320 597.000240 519.000320 625.999680 502.000640 614.000160 R0402 0
264.000000 429.999840 281.999360 436.000320 270.000640 472.000320 252.000000 465.999840 R0402 0
504.999680 657.000000 539.000320 670.999680 531.000320 689.999760 496.999680 676.000080 R0402 0
651.000320 651.000240 680.000000 631.000080 692.000000 649.000080 663.000320 668.000160 R0402 0
328.999680 684.000000 367.000320 680.999760 368.999680 699.999840 329.999360 703.000080 R0402 0
224.000000 664.999920 241.999360 661.000320 249.999360 695.000160 232.000000 698.999760 R0402 0
828.000000 676.000080 848.999680 676.000080 848.999680 712.000080 828.000000 712.000080 R0402 0
611.000320 427.999680 637.999360 438.999840 617.999360 490.999680 590.000640 480.000240 R0603 0
674.000640 353.000160 699.000320 328.999680 739.000320 370.000080 715.000320 393.999840 R0603 0
316.999680 626.999760 371.000320 634.000320 367.000320 663.999840 312.999680 655.999920 R0603 0
451.000320 589.000320 480.000000 592.999920 472.000000 644.999760 443.000320 641.000160 R0603 0
616.000000 636.999840 644.000000 649.000080 622.000640 698.999760 593.999360 687.000240 R0603 0
774.000640 641.000160 804.000000 653.999760 782.000640 704.000160 752.000000 690.999840 R0603 0
844.999680 348.999840 888.999680 348.999840 888.999680 418.999680 844.999680 418.999680 R0804 0
704.999680 472.000320 745.999360 490.999680 717.999360 554.999760 676.000000 536.999760 R0804 0
447.000320 385.999920 491.000320 389.000160 487.000320 460.000080 442.000640 456.999840 R0804 0
591.000320 201.000240 648.999680 239.999760 624.000000 277.999920 564.999680 238.999680 R0804 0
207.000320 166.000320 246.000640 139.999680 284.999680 198.000000 246.000640 223.999920 R0804 0
173.999360 171.000000 220.000000 166.999680 226.000640 235.000080 180.000000 239.999760 R0804 0
276.999680 450.000000 322.000640 446.999760 328.000000 517.000320 281.999360 519.999840 R0804 0
232.000000 463.999680 273.999360 469.000080 266.000640 542.000160 223.000320 536.999760 R0804 0
340.000000 511.999920 384.000000 511.999920 384.000000 580.999680 340.000000 580.999680 R0804 0
456.999680 541.000080 488.999680 510.999840 536.999680 562.000320 504.999680 591.999840 R0804 0
416.999680 648.000000 484.999680 648.000000 484.999680 695.000160 416.999680 695.000160 R0804 0
369.999360 632.000160 415.000320 632.000160 415.000320 700.999920 369.999360 700.999920 R0804 0
537.999360 627.999840 580.999680 628.999920 579.000320 699.999840 536.000000 698.999760 R0804 0
609.999360 590.999760 679.000320 589.000320 680.000000 633.000240 611.000320 634.999680 R0804 0
684.999680 654.999840 744.000000 616.000320 768.999680 653.999760 710.000640 693.000000 R0804 0
772.999680 591.999840 843.000320 603.000000 836.000000 649.000080 764.999680 637.999920 R0804 0
859.000320 668.000160 924.000000 650.000160 936.999680 695.000160 872.000000 713.000160 R0804 0
724.999680 294.999840 776.999680 339.999840 745.999360 375.999840 692.999680 330.999840 R0804 0
