219.000320 669.000240 256.999680 669.000240 256.000000 689.999760 220.000000 689.999760 R0402 0
252.999680 675.000000 279.000320 651.000240 293.999360 668.000160 268.000000 691.999920 R0402 0
580.000000 668.000160 599.000320 661.999680 608.999680 696.000240 590.000640 702.000000 R0402 0
642.000640 616.000320 672.999680 631.000080 664.000000 649.000080 632.999680 634.000320 R0402 0
564.000000 652.999680 584.999680 662.999760 572.000000 694.000080 551.000320 685.000080 R0402 0
892.000000 546.999840 920.999680 567.000000 910.000640 583.999920 880.999680 562.999680 R0402 0
670.000640 469.000080 702.000640 484.999920 692.000000 504.000000 660.000000 488.000160 R0402 0
756.000000 316.000080 784.000000 301.999680 792.999680 319.999680 764.999680 334.000080 R0402 0
368.999680 484.999920 404.999680 484.999920 404.999680 505.000080 368.999680 505.000080 R0402 0
564.000000 126.000000 592.999680 133.999920 577.999360 186.999840 548.999680 177.999840 R0603 0
480.000000 475.999920 504.000000 496.000080 470.000640 538.999920 446.000640 519.999840 R0603 0
408.999680 556.999920 459.000320 540.000000 468.000000 569.000160 417.999360 585.000000 R0603 0
368.000000 619.999920 391.000320 599.999760 427.000320 640.000080 404.999680 660.000240 R0603 0
312.999680 605.000160 336.999680 583.999920 373.999360 625.000320 350.000640 645.999840 R0603 0
340.000000 466.999920 382.000640 435.000240 403.000320 461.000160 360.000000 493.999920 R0603 0
259.000320 502.999920 288.000000 514.000080 268.000000 563.999760 239.000320 552.000240 R0603 0
748.999680 165.000240 808.999680 132.999840 831.000320 174.000240 771.000320 205.999920 R0804 0
867.000320 184.999680 936.000000 166.999680 947.000320 211.000320 879.000320 229.000320 R0804 0
809.999360 230.999760 863.000320 275.999760 834.000640 310.000320 780.999680 265.999680 R0804 0
660.999680 312.999840 722.000640 279.000000 744.000000 319.000320 682.000640 353.000160 R0804 0
546.000640 353.000160 615.000320 344.000160 620.999680 388.000080 552.000000 398.000160 R0804 0
677.999360 382.000320 714.000640 355.000320 756.000000 409.999680 720.999680 437.999760 R0804 0
799.000320 400.000320 840.999680 418.000320 812.000000 481.000320 771.000320 463.000320 R0804 0
827.000320 445.999680 868.000000 465.999840 836.999680 529.999920 796.000000 509.999760 R0804 0
872.999680 425.000160 916.999680 433.000080 904.000000 502.999920 860.000000 493.999920 R0804 0
862.000640 325.000080 907.000320 327.000240 903.000320 396.000000 857.999360 393.999840 R0804 0
908.999680 652.999680 976.000000 652.999680 976.000000 696.000240 908.999680 696.000240 R0804 0
632.999680 528.999840 668.000000 498.000240 714.000640 551.000160 679.000320 580.999680 R0804 0
609.999360 509.999760 664.000000 554.999760 632.000000 594.000000 577.999360 549.000000 R0804 0
491.000320 446.999760 556.999680 423.000000 572.999680 465.999840 507.000320 490.000320 R0804 0
463.000320 382.000320 507.000320 364.999680 532.000000 433.000080 488.000000 448.999920 R0804 0
356.000000 502.999920 400.999680 507.000240 395.000320 577.000080 348.999680 571.999680 R0804 0
281.999360 527.999760 352.000000 532.000080 350.000640 574.999920 280.000000 571.000320 R0804 0
493.999360 529.999920 536.999680 517.000320 556.999680 582.999840 513.999360 597.000240 R0804 0
