164.000000 344.000160 181.999360 348.999840 169.999360 384.999840 152.000000 380.000160 R0402 0
148.999680 390.000240 181.999360 382.000320 186.000640 400.000320 154.000640 409.000320 R0402 0
364.000000 483.999840 382.000640 498.000240 359.000320 526.999680 342.000640 514.000080 R0402 0
477.999360 531.000000 492.999680 517.999680 515.000320 544.000320 500.000000 556.999920 R0402 0
704.999680 445.000320 735.000320 463.000320 724.000000 480.000240 694.000640 462.000240 R0402 0
825.999360 412.999920 862.000640 403.999920 867.000320 424.000080 831.000320 433.000080 R0402 0
803.000320 403.999920 839.000320 385.999920 848.000000 403.999920 812.000000 421.999920 R0402 0
1040.000000 601.999920 1065.999360 585.000000 1075.000320 597.000240 1048.999680 615.000240 R0402 0
895.000320 358.999920 939.000320 328.999680 956.999680 356.999760 912.999680 385.999920 R0603 0
914.000640 463.000320 944.999680 454.999680 959.000320 508.999680 928.000000 517.000320 R0603 0
1009.999360 553.999680 1036.999680 536.999760 1065.999360 582.999840 1039.000320 599.999760 R0603 0
739.000320 570.000240 795.000320 573.999840 792.999680 606.000240 736.000000 600.999840 R0603 0
516.999680 411.999840 544.000000 430.999920 511.000320 475.999920 484.000000 456.999840 R0603 0
298.000640 432.000000 328.000000 424.000080 343.000320 478.000080 312.999680 486.000000 R0603 0
854.000640 333.000000 899.000320 339.999840 888.000000 409.999680 843.000320 402.999840 R0804 0
839.000320 428.999760 880.999680 447.999840 852.000000 511.999920 809.999360 492.999840 R0804 0
757.999360 415.000080 831.000320 424.000080 825.999360 469.000080 752.999680 460.000080 R0804 0
742.000640 374.999760 805.999360 348.999840 823.000320 391.999680 759.000320 418.000320 R0804 0
697.999360 374.999760 751.000320 420.999840 719.000320 455.999760 667.000320 409.999680 R0804 0
752.000000 488.000160 788.000000 522.000000 740.000000 571.999680 704.999680 537.999840 R0804 0
705.999360 469.000080 740.999680 498.000240 696.999680 552.000240 662.000640 524.000160 R0804 0
591.000320 551.000160 655.000320 527.999760 671.000320 571.999680 606.000640 595.000080 R0804 0
566.000640 478.000080 604.000000 504.000000 564.999680 561.000240 527.000320 535.000320 R0804 0
584.000000 434.000160 654.000640 434.000160 654.000640 478.000080 584.000000 478.000080 R0804 0
557.999360 373.999680 627.000320 384.999840 620.000000 428.999760 551.000320 418.999680 R0804 0
595.000320 298.000080 656.000000 328.000320 636.000000 369.000000 575.000320 337.999680 R0804 0
528.000000 211.999680 580.000000 257.999760 551.000320 291.000240 499.000320 245.000160 R0804 0
456.000000 370.000080 495.000320 347.999760 529.999360 409.999680 491.000320 432.000000 R0804 0
383.000320 484.999920 447.000320 517.000320 427.000320 559.000080 363.000320 526.999680 R0804 0
337.999360 378.000000 380.999680 369.000000 395.000320 437.999760 352.000000 446.999760 R0804 0
535.000320 439.999920 575.000320 466.999920 537.999360 523.000080 497.999360 496.000080 R0804 0
682.000640 41.999760 708.999680 57.000240 682.000640 103.999680 655.000320 88.999920 R0603 0
