373.999360 405.000000 402.000640 382.999680 416.000000 400.000320 387.000320 421.999920 R0402 0
722.000640 407.000160 754.000640 389.000160 764.999680 408.000240 734.000640 426.000240 R0402 0
427.000320 455.999760 462.000640 463.000320 457.999360 484.999920 423.000320 478.000080 R0402 0
660.999680 129.000240 697.999360 129.000240 697.999360 149.999760 660.999680 149.999760 R0402 0
588.000000 140.999760 620.999680 155.000160 612.000000 175.000320 580.000000 160.999920 R0402 0
428.000000 247.999680 457.999360 247.000320 460.999680 301.999680 430.000640 302.999760 R0603 0
743.000320 300.000240 771.000320 286.999920 794.000640 336.000240 765.999360 348.999840 R0603 0
747.000320 164.000160 796.999680 178.999920 788.999680 209.000160 737.999360 193.000320 R0603 0
960.000000 299.000160 1000.000000 264.000240 1020.000000 288.000000 980.000000 322.999920 R0603 0
1014.000640 345.000240 1045.999360 342.000000 1051.000320 398.000160 1019.000320 400.999680 R0603 0
802.000640 286.999920 852.000000 304.999920 840.999680 334.000080 791.000320 316.000080 R0603 0
619.000320 172.000080 645.999360 186.999840 620.999680 232.999920 593.999360 219.000240 R0603 0
935.000320 381.000240 1000.000000 354.000240 1017.999360 397.000080 952.000000 424.000080 R0804 0
1048.999680 570.000240 1094.000640 576.000000 1084.999680 644.999760 1040.000000 640.000080 R0804 0
811.000320 349.999920 880.999680 355.999680 876.999680 400.000320 807.000320 393.999840 R0804 0
856.999680 310.000320 894.000640 281.000160 936.000000 335.000160 899.000320 364.000320 R0804 0
859.000320 243.000000 916.999680 208.000080 940.000000 247.000320 882.000640 281.000160 R0804 0
804.999680 187.999920 865.999360 227.000160 842.000640 265.000320 780.000000 226.000080 R0804 0
716.999680 90.000000 760.000000 106.999920 732.999680 173.000160 689.999360 156.000240 R0804 0
628.000000 168.999840 670.000640 145.000080 704.999680 204.999840 663.000320 229.999680 R0804 0
631.000320 275.999760 684.999680 230.999760 715.000320 266.999760 660.999680 311.999760 R0804 0
724.999680 211.999680 768.999680 203.999760 782.000640 271.000080 737.999360 280.000080 R0804 0
552.999680 145.000080 615.000320 175.999680 595.000320 217.000080 532.000000 185.999760 R0804 0
676.999680 299.000160 715.000320 271.000080 755.000320 324.000000 717.999360 353.000160 R0804 0
288.999680 238.999680 359.000320 238.999680 359.000320 283.999680 288.999680 283.999680 R0804 0
215.000320 117.000000 253.999360 95.999760 288.000000 157.000320 248.000000 177.999840 R0804 0
193.999360 238.999680 235.000320 223.999920 260.000000 289.000080 218.000640 304.999920 R0804 0
308.999680 398.000160 347.000320 420.999840 310.000640 481.999680 272.000000 459.000000 R0804 0
419.000320 156.000240 451.000320 186.999840 404.000000 237.000240 371.000320 207.000000 R0804 0
1220.999680 191.000160 1277.999360 185.999760 1281.999360 230.999760 1224.999680 235.000080 R0804 0
