323.000320 496.000080 364.999680 499.999680 357.999360 568.000080 316.000000 563.999760 R0804 0
504.999680 510.999840 568.999680 486.000000 584.999680 528.999840 520.999680 553.000320 R0804 0
437.999360 590.999760 502.000640 616.999680 484.999680 658.000080 420.999680 632.000160 R0804 0
734.000640 555.999840 775.000320 537.999840 804.000000 600.999840 763.000320 619.999920 R0804 0
648.000000 635.999760 716.000000 619.999920 725.999360 662.999760 657.999360 679.000320 R0804 0
725.999360 642.000240 759.000320 614.000160 802.000640 663.999840 768.999680 693.000000 R0804 0
830.000640 509.999760 870.000640 487.000080 904.999680 547.999920 865.999360 571.000320 R0804 0
888.999680 586.000080 951.000320 614.000160 931.000320 655.999920 870.000640 627.999840 R0804 0
1076.999680 631.000080 1142.000640 617.999760 1151.000320 661.000320 1087.000320 675.000000 R0804 0
632.999680 337.000320 651.000320 326.000160 670.000640 355.999680 652.000000 366.999840 R0402 0
612.999680 355.000320 632.000000 345.000240 648.000000 376.999920 628.999680 387.000000 R0402 0
699.000320 466.999920 717.999360 462.000240 727.000320 497.000160 708.000000 501.999840 R0402 0
802.000640 496.000080 822.000640 501.999840 812.000000 535.999680 792.000000 531.000000 R0402 0
811.000320 654.999840 840.000000 639.000000 848.999680 657.000000 820.999680 671.999760 R0402 0
1056.000000 579.000240 1076.000000 577.000080 1079.000320 608.999760 1059.000320 610.999920 R0402 0
1168.000000 596.000160 1188.000000 597.000240 1187.000320 630.000000 1167.000320 628.999920 R0402 0
1045.999360 419.999760 1074.000640 434.000160 1049.999360 481.000320 1022.000640 465.999840 R0603 0
1132.999680 508.000320 1180.999680 487.000080 1192.999680 516.000240 1144.999680 535.999680 R0603 0
1014.000640 646.999920 1052.999680 682.999920 1032.999680 706.000320 992.999680 670.000320 R0603 0
896.999680 425.000160 924.000000 410.999760 948.000000 460.000080 920.999680 472.999680 R0603 0
788.999680 622.000080 828.000000 585.000000 848.999680 606.000240 809.999360 643.999680 R0603 0
814.000640 535.999680 860.000000 567.000000 842.000640 592.999920 796.000000 562.000320 R0603 0
1160.000000 256.000320 1191.000320 263.000160 1177.999360 316.000080 1147.000320 308.000160 R0603 0
1134.000640 394.999920 1192.999680 433.000080 1168.000000 471.000240 1110.000640 433.000080 R0804 0
980.999680 371.000160 1025.999360 363.000240 1037.999360 432.000000 992.999680 439.999920 R0804 0
954.000640 528.999840 988.999680 556.999920 951.000320 605.000160 915.000320 576.000000 R0804 0
896.999680 642.000240 960.000000 667.000080 944.000000 708.999840 880.000000 684.000000 R0804 0
540.000000 563.999760 608.000000 547.999920 619.000320 592.999920 551.000320 608.999760 R0804 0
467.000320 520.999920 508.999680 541.000080 476.999680 607.999680 435.000320 588.000240 R0804 0
467.000320 520.999920 508.999680 541.000080 476.999680 607.999680 435.000320 588.000240 R0804 0
388.999680 624.000240 428.000000 646.999920 391.000320 709.999920 352.999680 688.000320 R0804 0
495.000320 643.999680 540.000000 636.999840 551.000320 706.999680 507.000320 714.000240 R0804 0
787.000320 349.999920 820.999680 379.000080 775.000320 432.000000 742.000640 402.999840 R0804 0
