172.999680 163.000080 204.999680 180.000000 196.000000 196.999920 164.000000 180.000000 R0402 0
201.999360 182.000160 220.999680 187.999920 208.999680 222.999840 190.000640 216.000000 R0402 0
468.000000 374.999760 502.000640 372.000240 504.000000 390.000240 470.000640 392.999760 R0402 0
396.999680 402.999840 411.000320 390.000240 435.000320 416.000160 420.999680 428.999760 R0402 0
433.999360 392.999760 455.000320 390.000240 460.000000 426.000240 440.000000 428.999760 R0402 0
812.999680 412.999920 844.999680 399.000240 852.999680 417.000240 820.999680 432.000000 R0402 0
974.000640 355.000320 1007.000320 345.000240 1012.000000 363.000240 979.000320 373.000320 R0402 0
609.999360 271.000080 630.000640 277.999920 617.999360 311.999760 597.999360 303.999840 R0402 0
1132.999680 676.000080 1155.000320 691.999920 1132.000000 724.999680 1108.999680 708.999840 R0402 0
728.000000 290.000160 775.000320 316.000080 760.999680 342.000000 714.000640 317.000160 R0603 0
627.000320 337.999680 676.999680 357.999840 664.999680 389.000160 615.000320 367.999920 R0603 0
644.000000 388.000080 699.000320 393.999840 695.000320 424.000080 640.999680 417.000240 R0603 0
885.999360 517.999680 925.999360 481.999680 948.000000 506.000160 908.000000 542.000160 R0603 0
1080.999680 448.999920 1129.999360 445.000320 1132.000000 474.999840 1083.000320 478.000080 R0603 0
456.999680 496.000080 488.999680 488.000160 503.000320 543.000240 471.000320 551.000160 R0603 0
263.000320 229.000320 293.999360 223.999920 301.999360 276.999840 272.000000 282.000240 R0603 0
212.000000 59.999760 244.000000 87.999840 198.000640 139.999680 166.000640 112.000320 R0804 0
226.000640 165.000240 268.000000 156.000240 280.999680 225.000000 239.000320 234.000000 R0804 0
299.000320 248.999760 343.000320 243.000000 352.000000 312.999840 307.000320 318.000240 R0804 0
428.000000 274.999680 480.999680 319.999680 452.999680 354.000240 399.000320 309.000240 R0804 0
539.000320 321.999840 582.000640 338.999760 553.999360 403.999920 512.000000 387.000000 R0804 0
674.000640 239.999760 708.999680 264.000240 670.000640 322.999920 633.999360 299.000160 R0804 0
736.000000 211.999680 780.999680 220.999680 767.000320 291.000240 722.000640 282.000240 R0804 0
671.000320 349.999920 708.000000 325.000080 747.000320 383.999760 710.000640 409.000320 R0804 0
592.000000 452.000160 660.000000 452.000160 660.000000 497.000160 592.000000 497.000160 R0804 0
593.999360 380.000160 645.999360 382.000320 643.000320 453.000240 591.000320 451.000080 R0804 0
593.999360 380.000160 645.999360 382.000320 643.000320 453.000240 591.000320 451.000080 R0804 0
663.000320 423.000000 708.000000 425.000160 704.999680 495.000000 660.000000 492.999840 R0804 0
376.999680 535.000320 411.000320 564.999840 364.000000 616.999680 331.000320 587.000160 R0804 0
263.000320 502.999920 303.000320 486.000000 328.999680 551.000160 289.999360 567.000000 R0804 0
235.000320 357.999840 276.999680 345.000240 298.000640 410.999760 256.999680 424.000080 R0804 0
172.000000 418.999680 213.999360 417.000240 216.999680 487.000080 175.000320 489.000240 R0804 0
208.000000 545.999760 251.000320 541.000080 258.000640 610.999920 215.000320 616.000320 R0804 0
244.999680 640.000080 306.000640 610.999920 326.000640 651.000240 264.000000 680.999760 R0804 0
448.000000 654.999840 515.000320 666.000000 507.000320 709.999920 440.999680 698.999760 R0804 0
