851.000320 194.999760 885.999360 194.999760 885.999360 212.999760 851.000320 212.999760 R0402 0
1036.999680 439.999920 1070.000640 434.000160 1074.000640 453.000240 1040.999680 459.000000 R0402 0
453.999360 472.999680 472.999680 466.999920 483.000320 497.000160 464.000000 502.999920 R0402 0
276.999680 497.000160 293.999360 487.000080 311.000320 516.000240 292.999680 526.000320 R0402 0
283.000320 342.000000 318.000640 345.000240 316.000000 366.999840 280.999680 364.000320 R0402 0
357.999360 301.999680 397.999360 297.000000 400.999680 320.999760 362.000640 326.000160 R0402 0
357.999360 301.999680 397.999360 297.000000 400.999680 320.999760 362.000640 326.000160 R0402 0
553.999360 229.000320 592.999680 222.999840 595.000320 244.000080 556.999680 249.999840 R0402 0
532.999680 609.999840 568.000000 605.000160 571.000320 625.999680 536.000000 631.000080 R0402 0
976.000000 162.000000 1030.000640 144.000000 1040.999680 174.000240 985.999360 193.000320 R0603 0
711.000320 353.000160 752.999680 388.000080 732.999680 411.999840 691.000320 376.999920 R0603 0
1044.000000 312.999840 1068.000000 292.000320 1104.000000 334.000080 1079.000320 355.000320 R0603 0
484.000000 267.999840 524.999680 306.000000 500.999680 333.000000 460.000000 293.999760 R0603 0
275.000320 425.000160 301.999360 409.000320 328.999680 456.999840 301.999360 472.999680 R0603 0
1091.000320 343.000080 1144.999680 343.000080 1144.999680 372.000240 1091.000320 372.000240 R0603 0
407.000320 677.000160 449.999360 664.999920 464.999680 717.999840 422.000640 730.000080 R0804 0
573.999360 599.999760 617.999360 594.000000 628.000000 661.999680 584.000000 668.000160 R0804 0
519.000320 505.000080 562.000640 515.000160 544.999680 583.999920 503.000320 572.999760 R0804 0
391.000320 452.000160 442.000640 407.000160 471.000320 439.999920 420.000000 484.999920 R0804 0
388.999680 493.999920 422.000640 525.000240 375.000320 574.999920 342.000640 543.000240 R0804 0
468.999680 392.999760 537.999360 374.999760 550.000640 420.999840 480.999680 437.999760 R0804 0
532.999680 356.999760 575.000320 337.000320 604.999680 400.999680 563.000320 419.999760 R0804 0
677.999360 301.999680 744.000000 276.999840 760.000000 319.000320 694.000640 345.000240 R0804 0
623.000320 220.999680 668.000000 220.999680 668.000000 291.000240 623.000320 291.000240 R0804 0
639.000320 95.999760 682.000640 79.999920 707.000320 145.000080 664.000000 160.999920 R0804 0
832.000000 243.000000 899.000320 256.999680 891.000320 301.000320 823.000320 286.999920 R0804 0
720.000000 158.999760 762.000640 140.999760 790.000640 205.999920 748.000000 223.999920 R0804 0
552.999680 144.000000 588.000000 174.000240 542.000640 227.000160 507.000320 195.999840 R0804 0
960.000000 459.000000 1004.000000 468.000000 988.999680 537.999840 945.999360 527.999760 R0804 0
1048.000000 518.999760 1111.000320 490.000320 1129.999360 531.000000 1067.000320 560.000160 R0804 0
1092.999680 462.000240 1132.999680 438.999840 1167.000320 498.000240 1128.000000 522.000000 R0804 0
1037.999360 337.000320 1091.000320 385.999920 1060.000000 418.999680 1007.000320 371.000160 R0804 0
