496.000000 16.999920 524.000000 39.000240 511.000320 55.000080 483.000320 32.999760 R0402 0
600.999680 228.000240 633.999360 228.000240 633.999360 245.000160 600.999680 245.000160 R0402 0
604.999680 331.999920 639.000320 321.999840 644.999680 340.999920 611.000320 352.000080 R0402 0
256.000000 291.000240 289.999360 291.000240 289.999360 312.999840 256.000000 312.999840 R0402 0
480.999680 676.000080 510.000640 657.000000 523.000320 676.000080 492.999680 695.000160 R0402 0
193.999360 670.999680 223.000320 667.000080 224.999680 686.000160 196.000000 689.999760 R0402 0
226.000640 565.999920 252.999680 543.000240 266.000640 559.000080 239.000320 581.999760 R0402 0
645.999360 497.000160 664.000000 486.000000 680.999680 516.000240 663.000320 526.999680 R0402 0
819.000320 614.000160 837.999360 610.999920 844.000000 645.999840 824.999680 649.000080 R0402 0
584.000000 360.000000 611.000320 373.000320 587.000320 421.999920 560.000000 409.999680 R0603 0
716.999680 499.000320 744.999680 509.999760 724.999680 562.000320 696.999680 550.000080 R0603 0
192.999680 571.999680 220.000000 554.999760 248.000000 599.999760 220.999680 616.999680 R0603 0
657.999360 340.999920 708.999680 340.999920 708.999680 369.000000 657.999360 369.000000 R0603 0
751.000320 339.999840 796.000000 308.000160 814.000640 334.000080 769.999360 365.999760 R0603 0
876.999680 266.999760 929.999360 250.999920 940.000000 282.000240 887.000320 299.000160 R0603 0
631.000320 286.999920 700.000000 270.000000 711.000320 316.000080 643.000320 333.000000 R0804 0
705.999360 405.000000 768.000000 369.000000 791.000320 409.999680 728.999680 445.999680 R0804 0
774.000640 543.000240 840.999680 563.999760 827.000320 607.999680 760.000000 588.000240 R0804 0
670.000640 641.000160 740.000000 636.999840 742.000640 685.000080 672.000000 688.000320 R0804 0
524.999680 585.000000 569.999360 587.000160 567.000320 655.999920 522.000640 653.999760 R0804 0
312.000000 670.000320 380.000000 667.000080 382.000640 712.000080 313.999360 714.000240 R0804 0
292.999680 522.000000 328.000000 549.000000 284.999680 605.000160 249.999360 577.000080 R0804 0
286.000640 607.999680 326.000640 624.000240 300.999680 687.000240 260.999680 670.999680 R0804 0
456.000000 499.000320 492.000000 473.999760 529.999360 527.999760 495.000320 553.000320 R0804 0
420.999680 528.999840 460.000000 506.000160 495.000320 564.999840 455.000320 588.000240 R0804 0
376.000000 538.999920 417.999360 533.000160 428.000000 603.000000 386.000640 608.999760 R0804 0
172.999680 472.000320 239.000320 464.999760 244.000000 508.000320 178.000640 515.000160 R0804 0
201.999360 639.000000 267.000320 607.999680 286.000640 650.000160 220.999680 679.999680 R0804 0
586.000640 436.999680 622.000640 408.000240 665.999360 463.000320 631.000320 491.999760 R0804 0
708.000000 429.999840 745.999360 454.000320 708.000000 514.000080 670.000640 490.000320 R0804 0
572.000000 294.999840 611.000320 319.000320 573.999360 379.000080 535.000320 355.000320 R0804 0
837.999360 622.000080 876.999680 599.999760 912.999680 661.999680 874.000640 685.000080 R0804 0
868.999680 577.000080 900.999680 545.999760 948.999680 597.000240 917.999360 626.999760 R0804 0
