550.000640 220.000320 580.000000 204.999840 591.000320 226.000080 559.000320 241.999920 R0402 0
477.999360 310.999680 493.999360 295.999920 517.999360 319.999680 502.000640 335.000160 R0402 0
453.999360 217.000080 475.000320 212.999760 483.000320 247.999680 462.000640 253.000080 R0402 0
482.000640 72.000000 500.999680 63.000000 516.000000 94.000320 497.999360 103.000320 R0402 0
764.999680 555.999840 792.000000 542.000160 800.999680 560.000160 772.999680 572.999760 R0402 0
631.000320 523.000080 647.000320 535.000320 628.000000 558.000000 612.999680 545.999760 R0402 0
388.000000 366.999840 442.000640 374.999760 436.999680 405.000000 384.000000 397.000080 R0603 0
395.000320 445.999680 440.999680 417.000240 457.999360 443.000160 412.999680 472.999680 R0603 0
1119.000320 468.000000 1172.000000 477.000000 1167.000320 507.000240 1114.000640 498.000240 R0603 0
1162.000640 417.000240 1190.000640 417.000240 1190.000640 463.000320 1162.000640 463.000320 R0603 0
1140.000000 371.000160 1197.999360 364.999680 1200.999680 394.999920 1143.000320 400.000320 R0603 0
1143.000320 285.999840 1165.999360 307.000080 1129.999360 346.000320 1108.000000 325.000080 R0603 0
195.000320 564.999840 244.999680 572.999760 232.000000 643.999680 183.000320 634.999680 R0804 0
304.999680 569.000160 369.999360 558.000000 376.999680 601.999920 312.000000 613.000080 R0804 0
278.000640 502.999920 320.999680 495.000000 333.999360 562.999680 291.000320 571.000320 R0804 0
190.000640 313.999920 255.000320 292.000320 268.999680 335.000160 204.000000 355.999680 R0804 0
357.999360 99.000000 428.000000 103.999680 424.999680 150.999840 353.999360 147.000240 R0804 0
420.000000 299.000160 462.000640 300.000240 460.000000 369.000000 416.999680 366.999840 R0804 0
476.999680 425.000160 510.000640 456.999840 463.000320 506.000160 430.000640 474.999840 R0804 0
572.000000 363.000240 616.999680 363.000240 616.999680 430.999920 572.000000 430.999920 R0804 0
675.000320 405.000000 743.000320 389.000160 752.999680 433.000080 685.999360 450.000000 R0804 0
795.000320 437.999760 830.000640 468.000000 785.999360 518.999760 751.000320 489.000240 R0804 0
927.000320 439.999920 987.000320 478.000080 963.000320 516.000240 903.000320 479.000160 R0804 0
965.999360 578.000160 1025.999360 607.999680 1007.000320 646.999920 947.000320 616.999680 R0804 0
1088.000000 396.000000 1132.000000 398.000160 1128.000000 469.000080 1084.000000 466.999920 R0804 0
888.999680 275.999760 934.000640 273.000240 937.999360 342.000000 892.000000 344.000160 R0804 0
967.000320 74.000160 1003.000320 99.000000 965.999360 154.000080 928.999680 129.000240 R0804 0
774.000640 122.999760 822.000640 83.000160 851.000320 117.000000 802.000640 157.000320 R0804 0
759.000320 127.000080 797.999360 146.000160 764.000000 214.999920 724.000000 194.999760 R0804 0
184.999680 643.000320 248.999680 644.999760 248.000000 667.000080 184.000000 663.999840 R0603 0
