562.000640 391.000320 596.000000 383.999760 600.000000 402.999840 566.000640 409.999680 R0402 0
716.000000 166.999680 745.999360 182.000160 736.999680 200.000160 707.000320 184.999680 R0402 0
943.000320 194.999760 962.000640 194.999760 962.000640 228.000240 943.000320 228.000240 R0402 0
406.000640 486.000000 432.999680 508.999680 419.000320 525.000240 392.999680 500.999760 R0402 0
643.000320 549.000000 679.000320 553.999680 676.000000 573.999840 640.000000 569.000160 R0402 0
868.000000 653.999760 904.000000 655.999920 903.000320 675.000000 867.000320 671.999760 R0402 0
944.000000 522.000000 976.000000 533.000160 969.999360 552.000240 937.999360 541.000080 R0402 0
914.000640 678.000240 950.000640 678.000240 950.000640 700.999920 914.000640 700.999920 R0402 0
1039.000320 140.999760 1084.999680 120.000240 1097.999360 147.000240 1051.000320 168.999840 R0603 0
1119.000320 626.999760 1148.999680 622.000080 1156.999680 675.000000 1127.000320 679.999680 R0603 0
1076.000000 675.000000 1100.000000 651.000240 1140.999680 693.000000 1116.000000 715.999680 R0603 0
995.000320 662.999760 1051.000320 654.999840 1056.000000 687.000240 1000.000000 694.000080 R0603 0
809.999360 591.999840 840.000000 583.999920 852.999680 635.999760 823.000320 643.000320 R0603 0
683.000320 536.999760 712.999680 534.000240 716.999680 587.000160 687.000320 589.000320 R0603 0
375.000320 328.000320 396.999680 307.000080 433.999360 346.999680 411.000320 367.999920 R0603 0
1019.000320 315.000000 1080.000000 283.999680 1100.000000 325.000080 1039.000320 355.000320 R0804 0
1087.000320 348.999840 1155.000320 352.000080 1152.999680 394.999920 1085.999360 392.999760 R0804 0
1104.000000 396.000000 1140.999680 424.000080 1100.999680 477.000000 1064.000000 448.999920 R0804 0
1063.000320 565.999920 1105.999360 556.999920 1117.999360 616.999680 1075.000320 625.000320 R0804 0
1023.000320 531.000000 1068.000000 540.000000 1054.000640 601.999920 1009.999360 591.999840 R0804 0
997.999360 484.999920 1067.000320 473.999760 1072.999680 518.999760 1004.000000 528.999840 R0804 0
991.000320 428.999760 1057.999360 418.999680 1064.000000 463.000320 996.999680 472.000320 R0804 0
936.999680 330.999840 974.000640 361.000080 931.000320 412.999920 894.000640 382.999680 R0804 0
899.000320 425.000160 960.999680 392.999760 982.000640 435.000240 920.000000 466.999920 R0804 0
922.000640 481.000320 987.000320 461.000160 1000.000000 504.000000 934.000640 523.000080 R0804 0
836.999680 444.000240 870.000640 411.999840 916.000000 457.999920 883.000320 490.000320 R0804 0
710.000640 358.999920 740.999680 328.999680 791.000320 380.000160 760.000000 409.999680 R0804 0
814.000640 491.999760 883.000320 493.999920 882.000640 537.999840 812.999680 536.999760 R0804 0
915.000320 572.999760 959.000320 574.999920 955.000320 644.999760 911.000320 642.000240 R0804 0
867.000320 568.000080 915.000320 571.000320 910.000640 642.000240 862.000640 637.999920 R0804 0
748.000000 573.999840 816.999680 595.000080 802.000640 643.999680 734.000640 624.000240 R0804 0
617.999360 497.000160 684.999680 509.999760 676.999680 554.999760 609.999360 543.000240 R0804 0
640.000000 570.000240 680.000000 589.999680 649.999360 650.000160 609.999360 630.000000 R0804 0
