892.000000 310.000320 910.000640 319.000320 894.000640 348.999840 876.999680 339.999840 R0402 0
1007.000320 183.000240 1023.000320 199.000080 994.000640 229.999680 976.999680 214.999920 R0402 0
688.999680 37.000080 715.000320 60.999840 700.000000 76.000320 675.000320 51.999840 R0402 0
760.999680 15.999840 784.999680 15.999840 784.999680 49.000320 760.999680 49.000320 R0402 0
404.999680 345.000240 436.999680 329.999760 446.000640 347.999760 413.999360 364.000320 R0402 0
486.000640 396.000000 508.000000 390.000240 517.999360 426.000240 496.000000 432.000000 R0402 0
476.000000 439.999920 507.000320 424.000080 517.999360 445.000320 486.000640 461.000160 R0402 0
220.999680 574.999920 248.000000 594.000000 235.000320 610.999920 208.999680 589.999680 R0402 0
979.000320 403.999920 1007.000320 389.000160 1032.999680 436.999680 1004.999680 453.000240 R0603 0
830.000640 461.000160 855.000320 479.000160 822.000640 526.000320 796.000000 507.000240 R0603 0
316.999680 221.999760 367.000320 200.000160 380.000000 229.999680 328.999680 252.000000 R0603 0
427.000320 48.000240 484.000000 49.999680 483.000320 81.000000 426.000640 79.999920 R0603 0
452.000000 318.000240 496.000000 283.999680 515.000320 309.000240 472.000000 343.000080 R0603 0
955.000320 108.000000 996.999680 148.000320 976.999680 169.999920 935.000320 130.999680 R0603 0
648.999680 337.999680 694.000640 333.000000 700.999680 401.999760 656.000000 406.000080 R0804 0
764.000000 414.000000 822.000640 373.999680 848.000000 411.999840 791.000320 452.000160 R0804 0
844.000000 411.999840 907.000320 445.000320 885.999360 486.000000 823.000320 453.000240 R0804 0
883.000320 507.000240 927.000320 517.999680 908.999680 585.000000 864.999680 573.999840 R0804 0
582.000640 508.000320 636.000000 461.000160 664.999680 495.000000 611.000320 542.000160 R0804 0
566.000640 523.000080 631.000320 550.000080 613.999360 589.999680 548.999680 562.999680 R0804 0
537.999360 448.999920 583.000320 451.000080 580.000000 523.000080 535.000320 520.999920 R0804 0
524.000000 391.999680 595.000320 405.000000 586.000640 453.000240 515.000320 439.999920 R0804 0
552.999680 328.999680 612.000000 366.999840 584.999680 407.000160 527.000320 367.999920 R0804 0
588.999680 292.000320 656.000000 319.000320 637.999360 363.000240 571.000320 335.000160 R0804 0
455.000320 538.999920 523.000320 560.000160 508.999680 605.000160 440.999680 583.999920 R0804 0
472.999680 619.999920 515.000320 605.000160 537.999360 670.999680 495.000320 685.000080 R0804 0
226.000640 514.000080 271.000320 508.999680 280.000000 581.999760 235.000320 587.000160 R0804 0
287.000320 559.000080 328.999680 576.000000 304.000000 639.000000 261.999360 622.000080 R0804 0
315.000320 615.000240 375.000320 648.000000 352.999680 688.000320 292.999680 654.999840 R0804 0
195.000320 672.999840 248.000000 635.999760 272.999680 670.999680 219.000320 707.999760 R0804 0
192.999680 581.999760 232.000000 610.999920 192.000000 666.000000 152.999680 637.999920 R0804 0
199.000320 172.000080 239.000320 156.000240 264.999680 220.000320 226.000640 236.000160 R0804 0
