526.000640 372.000240 546.000640 372.000240 546.000640 406.000080 526.000640 406.000080 R0402 0
347.000320 337.000320 380.999680 340.999920 379.000320 361.000080 344.999680 357.999840 R0402 0
275.000320 595.000080 293.999360 587.000160 308.999680 619.999920 289.999360 627.999840 R0402 0
399.000320 513.000000 428.999680 538.999920 416.999680 553.999680 387.000320 527.999760 R0402 0
1020.999680 640.000080 1055.000320 634.999680 1059.000320 657.000000 1024.000000 661.999680 R0402 0
796.999680 434.000160 824.999680 407.000160 840.999680 423.000000 812.999680 450.000000 R0402 0
907.000320 388.000080 924.999680 382.000320 936.999680 416.000160 919.000320 421.999920 R0402 0
648.999680 646.999920 667.000320 643.000320 672.999680 677.000160 656.000000 680.999760 R0402 0
1002.000640 446.999760 1055.000320 428.999760 1064.999680 461.000160 1012.000000 479.000160 R0603 0
648.999680 248.999760 680.000000 244.000080 688.000000 298.000080 656.999680 302.999760 R0603 0
734.000640 544.000320 762.000640 526.999680 792.000000 579.000240 764.000000 596.000160 R0603 0
847.000320 561.000240 902.000640 551.000160 908.999680 581.999760 852.999680 591.999840 R0603 0
644.999680 535.000320 672.999680 528.999840 684.000000 585.000000 656.999680 589.999680 R0603 0
180.999680 358.999920 208.000000 373.000320 183.000320 418.999680 156.999680 405.000000 R0603 0
154.000640 564.999840 201.999360 613.000080 178.000640 637.999920 128.999680 589.999680 R0603 0
936.000000 344.000160 982.000640 333.000000 999.000320 400.999680 952.999680 411.999840 R0804 0
984.999680 355.999680 1027.000320 342.000000 1048.000000 409.000320 1005.999360 423.000000 R0804 0
1016.000000 490.999680 1080.999680 465.999840 1097.999360 509.999760 1032.999680 535.000320 R0804 0
944.000000 487.000080 995.000320 441.000000 1025.999360 473.999760 976.000000 520.999920 R0804 0
895.000320 417.000240 954.000640 457.999920 925.999360 499.999680 865.999360 457.999920 R0804 0
892.999680 514.000080 939.000320 500.999760 957.999360 567.000000 912.000000 580.000320 R0804 0
792.000000 541.000080 836.000000 550.000080 822.000640 616.999680 777.999360 607.999680 R0804 0
684.999680 544.000320 747.000320 536.999760 751.000320 581.999760 688.999680 588.000240 R0804 0
696.999680 588.000240 755.000320 580.999680 760.000000 625.999680 702.000640 633.000240 R0804 0
670.000640 636.999840 739.000320 628.999920 744.999680 672.999840 676.000000 680.999760 R0804 0
603.000320 630.000000 647.000320 632.000160 644.000000 699.999840 599.000320 697.999680 R0804 0
544.999680 578.000160 613.999360 582.999840 611.000320 627.999840 542.000640 623.000160 R0804 0
491.000320 619.999920 557.999360 624.000240 555.000320 668.000160 488.000000 663.999840 R0804 0
384.999680 445.000320 422.000640 466.999920 382.000640 529.999920 346.000640 507.000240 R0804 0
384.999680 445.000320 422.000640 466.999920 382.000640 529.999920 346.000640 507.000240 R0804 0
159.000320 491.999760 221.999360 472.999680 235.000320 516.000240 172.000000 535.000320 R0804 0
198.000640 577.000080 240.000000 565.999920 258.000640 634.000320 216.000000 644.999760 R0804 0
