160.999680 193.000320 196.000000 184.000320 201.999360 204.999840 166.000640 213.999840 R0402 0
175.000320 390.000240 208.999680 401.999760 201.999360 423.000000 168.000000 410.999760 R0402 0
215.000320 481.000320 248.999680 495.000000 240.999680 515.000160 207.000320 500.999760 R0402 0
322.000640 672.999840 340.999680 672.999840 340.999680 708.999840 322.000640 708.999840 R0402 0
252.999680 652.999680 286.000640 658.000080 283.000320 679.000320 249.999360 673.999920 R0402 0
553.999360 639.000000 582.000640 659.000160 569.999360 675.000000 542.000640 654.999840 R0402 0
517.999360 597.000240 548.000000 577.000080 560.000000 595.000080 529.999360 615.000240 R0402 0
592.999680 448.999920 611.000320 456.999840 596.999680 490.000320 579.000320 481.999680 R0402 0
977.999360 292.999680 1032.999680 302.999760 1028.000000 334.000080 972.999680 324.000000 R0603 0
791.000320 669.000240 840.999680 686.000160 832.000000 715.000320 780.999680 697.999680 R0603 0
763.000320 397.000080 792.999680 409.999680 772.000000 460.000080 742.000640 446.999760 R0603 0
611.000320 532.000080 640.000000 541.000080 624.999680 592.999920 596.000000 583.999920 R0603 0
224.999680 617.999760 249.999360 635.999760 220.000000 679.999680 193.999360 662.999760 R0603 0
335.000320 326.000160 364.999680 326.000160 364.999680 382.000320 335.000320 382.000320 R0603 0
1072.999680 136.000080 1132.999680 175.000320 1108.000000 212.999760 1048.000000 175.000320 R0804 0
1099.000320 334.000080 1144.000000 337.000320 1140.000000 407.000160 1095.000320 403.999920 R0804 0
943.000320 637.999920 1008.000000 612.000000 1024.999680 653.999760 960.000000 679.999680 R0804 0
912.000000 619.999920 951.000320 643.999680 915.000320 704.000160 876.000000 680.999760 R0804 0
799.000320 399.000240 840.000000 418.000320 809.999360 481.999680 768.999680 463.999680 R0804 0
699.000320 357.999840 764.999680 375.999840 752.999680 420.999840 685.999360 402.999840 R0804 0
624.000000 439.999920 668.000000 432.000000 680.000000 501.999840 636.000000 509.999760 R0804 0
551.000320 484.999920 619.000320 505.000080 606.000640 547.999920 537.999360 527.999760 R0804 0
455.000320 348.999840 520.000000 321.999840 536.999680 363.000240 472.000000 390.000240 R0804 0
460.999680 446.999760 506.000640 439.999920 516.999680 509.999760 472.000000 517.000320 R0804 0
965.999360 408.000240 1011.000320 418.000320 996.000000 487.000080 951.000320 477.000000 R0804 0
900.000000 333.000000 942.000640 353.000160 912.000000 417.000240 868.999680 397.000080 R0804 0
705.999360 610.999920 776.000000 615.000240 774.000640 660.000240 704.000000 655.999920 R0804 0
404.999680 516.000240 464.000000 553.999680 439.000320 591.999840 380.000000 553.999680 R0804 0
479.000320 536.999760 533.999360 582.999840 506.000640 617.999760 449.999360 571.999680 R0804 0
364.000000 625.999680 407.000320 641.000160 384.000000 706.000320 342.000640 691.999920 R0804 0
248.999680 571.000320 316.000000 568.000080 318.000640 613.000080 251.000320 616.000320 R0804 0
1004.000000 671.999760 1068.999680 652.999680 1082.000640 696.000240 1016.000000 715.000320 R0804 0
367.000320 394.999920 415.000320 420.999840 400.000000 451.000080 351.000320 425.000160 R0603 0
