352.000000 73.000080 384.000000 76.999680 382.000640 95.999760 348.999680 92.000160 R0402 0
296.000000 129.000240 328.999680 126.000000 331.000320 148.999680 298.000640 151.999920 R0402 0
192.999680 418.000320 227.000320 418.000320 227.000320 439.999920 192.999680 439.999920 R0402 0
208.000000 469.000080 241.999360 469.000080 241.999360 490.000320 208.000000 490.000320 R0402 0
176.999680 478.000080 198.000640 473.999760 203.000320 510.999840 183.000320 514.000080 R0402 0
556.999680 568.000080 572.999680 580.000320 552.000000 608.999760 536.000000 597.000240 R0402 0
604.000000 596.000160 630.000640 578.000160 640.000000 592.999920 613.999360 610.999920 R0402 0
636.999680 418.999680 656.999680 410.999760 671.000320 443.000160 651.000320 452.000160 R0402 0
736.000000 414.000000 752.999680 400.000320 776.000000 428.999760 759.000320 442.000080 R0402 0
974.000640 14.999760 1025.999360 33.999840 1016.000000 63.000000 963.000320 45.000000 R0603 0
844.999680 383.999760 868.999680 363.000240 904.999680 402.999840 882.000640 425.000160 R0603 0
814.000640 322.999920 839.000320 342.000000 805.999360 384.999840 780.999680 365.999760 R0603 0
340.999680 137.000160 369.999360 139.999680 364.999680 195.999840 336.000000 193.000320 R0603 0
291.000320 95.999760 343.000320 95.999760 343.000320 128.000160 291.000320 128.000160 R0603 0
228.999680 675.000000 280.999680 675.000000 280.999680 706.999680 228.999680 706.999680 R0603 0
712.000000 454.999680 735.000320 475.999920 697.999360 516.000240 674.000640 495.000000 R0603 0
968.000000 82.000080 1014.000640 79.999920 1016.000000 147.000240 969.999360 148.999680 R0804 0
880.999680 158.999760 940.999680 126.000000 963.000320 166.999680 904.000000 200.000160 R0804 0
908.000000 196.999920 950.000640 177.999840 979.000320 244.000080 936.000000 262.000080 R0804 0
963.000320 186.999840 1003.000320 175.000320 1022.000640 240.999840 982.000640 253.000080 R0804 0
1080.999680 398.000160 1140.000000 434.000160 1116.000000 472.999680 1056.999680 436.999680 R0804 0
1024.999680 441.000000 1084.999680 474.999840 1063.000320 513.000000 1003.000320 480.000240 R0804 0
936.000000 414.000000 972.999680 442.000080 928.000000 498.000240 892.000000 470.000160 R0804 0
768.000000 263.000160 820.000000 311.999760 788.999680 346.000320 736.999680 297.000000 R0804 0
619.000320 184.000320 687.000320 165.000240 700.000000 210.000240 632.000000 229.000320 R0804 0
824.000000 217.000080 868.999680 212.999760 876.000000 283.999680 830.000640 288.000000 R0804 0
595.000320 328.999680 663.000320 328.999680 663.000320 373.000320 595.000320 373.000320 R0804 0
588.999680 238.999680 633.999360 238.999680 633.999360 309.000240 588.999680 309.000240 R0804 0
520.999680 211.999680 563.000320 214.999920 559.000320 284.999760 516.000000 282.000240 R0804 0
467.000320 127.000080 512.000000 135.000000 500.000000 203.999760 456.000000 196.999920 R0804 0
399.000320 554.999760 435.000320 580.999680 393.999360 639.000000 356.999680 613.000080 R0804 0
240.999680 412.999920 308.999680 427.000320 299.000320 472.999680 232.000000 459.000000 R0804 0
448.000000 662.999760 515.000320 662.999760 515.000320 709.999920 448.000000 709.999920 R0804 0
771.000320 407.000160 836.000000 382.999680 852.000000 425.000160 787.000320 448.999920 R0804 0
