276.000000 352.000080 295.000320 358.999920 281.999360 391.999680 263.000320 384.999840 R0402 0
163.000320 643.999680 181.999360 639.000000 192.000000 676.000080 173.999360 680.999760 R0402 0
308.000000 654.999840 344.000000 658.000080 342.000640 679.000320 307.000320 676.000080 R0402 0
288.000000 697.000320 312.000000 673.999920 326.000640 688.000320 300.999680 711.000000 R0402 0
315.000320 619.999920 350.000640 614.000160 352.999680 634.999680 318.000640 641.000160 R0402 0
712.999680 643.000320 728.999680 652.000320 712.999680 682.999920 695.000320 672.999840 R0402 0
728.999680 699.999840 764.000000 699.999840 764.000000 718.999920 728.999680 718.999920 R0402 0
680.999680 470.000160 700.999680 465.999840 708.000000 500.999760 688.000000 505.000080 R0402 0
1063.000320 689.999760 1089.999360 689.999760 1089.999360 708.999840 1063.000320 708.999840 R0402 0
595.000320 552.000240 647.000320 540.000000 654.000640 569.000160 602.000640 580.999680 R0603 0
636.999680 688.999680 688.999680 681.999840 692.999680 713.000160 640.999680 720.000000 R0603 0
1008.000000 465.999840 1056.000000 492.999840 1040.000000 522.000000 992.000000 495.000000 R0603 0
1028.000000 427.000320 1095.000320 445.000320 1083.000320 488.000160 1016.000000 470.000160 R0804 0
1137.999360 483.999840 1182.000640 488.000160 1176.000000 554.999760 1132.000000 551.000160 R0804 0
1100.999680 626.999760 1156.000000 605.000160 1172.000000 646.999920 1117.999360 669.000240 R0804 0
1056.999680 513.000000 1100.999680 513.000000 1100.999680 582.999840 1056.999680 582.999840 R0804 0
1039.000320 609.999840 1083.000320 621.000000 1064.999680 694.000080 1020.999680 682.999920 R0804 0
1003.000320 690.999840 1054.000640 690.999840 1054.000640 718.999920 1003.000320 718.999920 R0603 0
1091.000320 675.000000 1157.999360 675.000000 1157.999360 717.999840 1091.000320 717.999840 R0804 0
916.000000 608.999760 959.000320 619.999920 940.999680 688.999680 897.999360 677.000160 R0804 0
864.999680 588.000240 904.000000 612.000000 864.999680 673.999920 825.999360 649.000080 R0804 0
888.999680 541.000080 957.999360 526.000320 967.000320 570.000240 897.999360 583.999920 R0804 0
996.999680 498.000240 1057.999360 527.999760 1036.999680 569.000160 976.000000 538.999920 R0804 0
996.000000 545.999760 1052.999680 588.000240 1025.999360 625.000320 968.999680 581.999760 R0804 0
977.999360 619.999920 1022.000640 622.000080 1019.000320 690.999840 975.000320 688.999680 R0804 0
752.999680 473.999760 817.999360 446.999760 836.000000 490.000320 769.999360 517.000320 R0804 0
910.000640 471.000240 980.000000 471.000240 980.000000 516.000240 910.000640 516.000240 R0804 0
928.999680 433.000080 979.000320 385.999920 1011.000320 419.999760 960.999680 466.999920 R0804 0
774.000640 663.999840 842.000640 667.000080 840.000000 712.000080 772.000000 708.999840 R0804 0
524.000000 526.000320 587.000320 492.999840 608.000000 533.000160 544.999680 565.999920 R0804 0
694.000640 576.000000 752.999680 609.999840 729.999360 650.000160 670.000640 616.000320 R0804 0
675.000320 399.000240 724.000000 420.999840 712.000000 448.999920 662.000640 427.000320 R0603 0
657.999360 477.000000 683.000320 499.000320 647.000320 540.000000 622.000640 517.000320 R0603 0
